  0.00000235969478423  0.00000825959235955  0.00001367001358534  0.00001852705873269
  0.00002307331629874  0.00002754725050399  0.00003199387640972  0.00003652841753556
  0.00004101876657727  0.00004554079659693  0.00005015576403344  0.00005487275953168
  0.00005966945420030  0.00006456413962178  0.00006944426375517  0.00007444822535095
  0.00007958251613774  0.00008489208746420  0.00009029860834666  0.00009575579678666
  0.00010125923662273  0.00010678034614880  0.00011230446098195  0.00011796585914508
  0.00012381203435426  0.00012979548472135  0.00013596254031312  0.00014246299882305
  0.00014921454896517  0.00015610161219492  0.00016308453103034  0.00017012375466160
  0.00017731479180048  0.00018474496441509  0.00019233687485579  0.00020009312327950
  0.00020792937022341  0.00021586697611492  0.00022435395801242  0.00023308237175412
  0.00024215300468701  0.00025147760136014  0.00026100064865092  0.00027116344441651
  0.00028187579651448  0.00029295535012145  0.00030449528703087  0.00031643655459468
  0.00032877338621380  0.00034165345161942  0.00035498137555442  0.00036918027556389
  0.00038385780073434  0.00039900860757525  0.00041476657199389  0.00043111928228916
  0.00044836426870780  0.00046610848963104  0.00048480734292551  0.00050494079091192
  0.00052687543355925  0.00055062569003789  0.00057547586440247  0.00060101452329656
  0.00062796861147058  0.00065631670498502  0.00068700354320949  0.00071954625017984
  0.00075521751979114  0.00079324955952751  0.00083375354011599  0.00087659712745558
  0.00092296506167059  0.00097484385773624  0.00103207304899690  0.00109693051515066
  0.00116774268732297  0.00124708364157340  0.00133327200421346  0.00142861149588581
  0.00153700471617902  0.00165735239127230  0.00178710796752827  0.00194032943225776
  0.00211371015446472  0.00231067356471011  0.00253062197513737  0.00278157489817197
  0.00308151081047529  0.00348655122995727  0.00401647817061891  0.00463544860439905
  0.00541397476226187  0.00653876526841663  0.12506915317400330  1.00000000000000000
 -0.00231385504968355  0.01010188256155735  0.02095037780764007  0.03210032981572294
  0.04343989075899045  0.05440540301226259  0.06515175598878600  0.07559577044724874
  0.08624432822999083  0.09669200697231947  0.10713536022427700  0.11742487817567220
  0.12763212377325225  0.13764187787494508  0.14761962120082978  0.15765135443075692
  0.16760168065461803  0.17755910698186186  0.18759441552616707  0.19809379503751878
  0.20874781468458914  0.21933718705064270  0.22986939707842488  0.24084486894985635
  0.25168220049511303  0.26280816445984478  0.27378357139807613  0.28483523551991036
  0.29566099946337904  0.30638090249783589  0.31720447405283547  0.32821063556607194
  0.33890766258271027  0.34954474059486978  0.36003691549394706  0.37048016663865191
  0.38084289886004574  0.39113344402375821  0.40152199876247241  0.41183631050293806
  0.42236941238156450  0.43311355308534261  0.44401194469060923  0.45506022487706249
  0.46587346102272847  0.47667576241996401  0.48721039918796233  0.49764532786872623
  0.50804067935486530  0.51855904128045827  0.52921304762495824  0.53972253348391008
  0.54991850647862706  0.55989022628350238  0.57004444387644504  0.58017343070305272
  0.59059775142912674  0.60085224598288944  0.61158657691921292  0.62215384020254894
  0.63311035977016350  0.64404783026227319  0.65448305530253803  0.66463796289305554
  0.67473216600580654  0.68497840139655086  0.69529960539645119  0.70544817487400147
  0.71558404184112667  0.72574145461306272  0.73619115546269931  0.74722295447461706
  0.75832544189250373  0.76912360802728852  0.77986766678883657  0.79081544717370633
  0.80143299261348533  0.81195003887987527  0.82212206267414156  0.83224633954663829
  0.84219504635543174  0.85247232756526059  0.86275882712560348  0.87306869898542738
  0.88333514701401450  0.89356834766225313  0.90399393709660247  0.91449183000244516
  0.92514340277750218  0.93601117220047525  0.94654120758388216  0.95713816437646904
  0.96774860644481564  0.97852409526274731  0.98925753387037019  1.00000000000000000
 -0.00314616823716987  0.02390907546906857  0.04396875896257679  0.06086875382824041
  0.07637246153718354  0.09073611488956998  0.10449463033248578  0.11779866089495729
  0.13037991748932456  0.14215499840963017  0.15363510367252503  0.16502268896301953
  0.17598223407570274  0.18654442016060938  0.19685191816171113  0.20717104389456625
  0.21731324581058425  0.22736222254541860  0.23703794859317162  0.24668747475702060
  0.25621864623223906  0.26562445200077406  0.27500438526957738  0.28412569527112885
  0.29319167402984564  0.30210216370366494  0.31090886403363688  0.31961944482134086
  0.32823855055432627  0.33668906099235074  0.34494418045170389  0.35309332760368695
  0.36117533096313975  0.36929631946514824  0.37748312145576485  0.38559246933338470
  0.39351343134079930  0.40141402735333265  0.40947284040268928  0.41753363801052007
  0.42566914136495843  0.43381648183005528  0.44189855889739121  0.44997220464929749
  0.45798720143347443  0.46618034273886061  0.47446709315385815  0.48255088385384531
  0.49060044032893502  0.49865179063816883  0.50671972040708235  0.51471886415951407
  0.52247836189539287  0.53005201737995045  0.53759667875399075  0.54515272248407942
  0.55274015343670446  0.56036251326904318  0.56801620630570659  0.57570107698686845
  0.58337612740508971  0.59104521773851049  0.59875429891097165  0.60655892159572700
  0.61437944607657591  0.62223391845562748  0.63011553033960599  0.63796081909499869
  0.64575911105434014  0.65384577925403053  0.66185788339240115  0.66992659353833284
  0.67789159240866037  0.68585620556801197  0.69402024717959443  0.70250657472329658
  0.71126028350467529  0.72002109878572940  0.72898117493873871  0.73848645196800744
  0.74827672715231486  0.75856619854533647  0.76890485314477908  0.77975188973617438
  0.79061863455136128  0.80233215588886353  0.81467099060192649  0.82801936177225621
  0.84090136982317876  0.85365992819696968  0.86794377359115005  0.88335861218159129
  0.90128084446340873  0.92295526325824029  0.95178045013759272  1.00000000000000000
 -0.01842528058830134  0.10845472243941558  0.14460921559349227  0.16658664406712864
  0.18393898712053780  0.19915089510563097  0.21268687535497763  0.22496600601354649
  0.23620500738314062  0.24660968747400433  0.25628482584647583  0.26555945503893402
  0.27443739446253268  0.28291695274939432  0.29111109873429530  0.29895983517670199
  0.30666802863669712  0.31414089553550645  0.32138327844556303  0.32842220684652534
  0.33528323695317941  0.34206272596516851  0.34886511029389622  0.35561143017935642
  0.36222862607957707  0.36874955542017651  0.37514946439289998  0.38141378054870062
  0.38756906103951033  0.39363396680747914  0.39963025737202412  0.40558946794767342
  0.41156608080381468  0.41749985144787460  0.42347061452797707  0.42933145488315411
  0.43511084074542805  0.44080493123325371  0.44649885166249292  0.45218965573010617
  0.45784249939371180  0.46345410639785817  0.46904184050586473  0.47461480861962058
  0.48018314232679282  0.48575726348215542  0.49131843925986118  0.49686176336220345
  0.50230792713748729  0.50770609067925598  0.51310503999925050  0.51859640587233180
  0.52417108819458558  0.52984070019764917  0.53555929000823155  0.54133242220989730
  0.54713311132043552  0.55290029197911306  0.55863008584664398  0.56435021490997439
  0.57008571157325449  0.57591883144155798  0.58179287637116228  0.58781456608409222
  0.59388029425529243  0.59992441693264587  0.60594130091192011  0.61190919505724328
  0.61793415102234728  0.62403617607544315  0.63034663130367707  0.63677584475460813
  0.64319434013688115  0.64978081604625604  0.65653045112904995  0.66335261032844151
  0.67032299627744285  0.67743801534719750  0.68474786129395782  0.69232316341312861
  0.70004335207377444  0.70788227309689733  0.71611505095698669  0.72477119143273916
  0.73402018564149740  0.74389530432178941  0.75424483931195552  0.76533707968183162
  0.77695450496310114  0.78952955558486804  0.80305830403115608  0.81814087285885606
  0.83563127732471287  0.85757746958449876  0.89341081028639580  1.00000000000000000
   1.0595878356504579E-002  -1.0000000000000000     
 F F F F F F F F F F F F F F F F F F F F F F F F F F F F F F F F
  <DiscreteSampler_grid>
  grouped_processes
  1 # 1 for a reference and 2 for a running grid.
  10 # Attribute 'min_bin_probing_points' of the grid.
  1 # Attribute 'grid_mode' of the grid. 1=='default',2=='initialization'
  0.0000000000000000 # Attribute 'small_contrib_threshold' of the grid.
  0.5000000000000000 # Attribute 'damping_power' of the grid.
 # binID   n_entries weight   weight_sqr   abs_weight
    10   10   2.018954774656695E+008   5.334662122063733E+016   2.018954774656695E+008
    16   10   2.018954774656695E+008   5.334662122063733E+016   2.018954774656695E+008
  </DiscreteSampler_grid>
