0.42655E+03 0.65647E+00 0.00000E+01 193149 0 0 10940 0.25640E+02 0.00000E+01 0.42655E+03 0.00000E+01 0.00000E+01 0
1 419.33 10.884 1.2996 4531.8 419.33
2 433.28 3.948 0.64521 1661.8 433.28
3 428.13 1.8208 0.42589 981.86 428.13
4 442.97 11.176 1.2632 4094.3 442.97
5 422.38 3.8093 0.63861 1549.5 422.38
6 426.66 1.8127 0.42546 1110.7 426.66
7 402.85 10.161 1.263 3787.5 402.85
8 419.11 4.0847 0.69012 1788.3 419.11
9 428.08 1.9288 0.45121 1044.3 428.08
10 420.72 10.859 1.2923 4268.5 420.72
11 427.66 3.9495 0.65393 1508.9 427.66
12 427.88 1.8019 0.42172 1108.3 427.88
13 422.51 10.711 1.2694 4709.5 422.51
14 423.6 4.1012 0.68555 1639.7 423.6
15 423.27 1.8623 0.4406 1015.3 423.27
16 426.73 10.85 1.2731 4646.0 426.73
17 429.61 4.02 0.66259 1678.2 429.61
18 427.71 1.8386 0.43048 1021.3 427.71
19 433.64 11.329 1.3081 4544.8 433.64
20 425.85 3.9357 0.65441 1774.8 425.85
21 426.85 1.8472 0.43335 903.61 426.85
22 416.97 10.608 1.2738 4607.9 416.97
23 424.55 4.0627 0.67762 1703.3 424.55
24 425.62 1.9203 0.45181 1111.6 425.62
25 424.81 10.812 1.2743 4563.7 424.81
26 428.19 3.9786 0.65795 1592.3 428.19
27 427.64 1.8611 0.4358 1156.6 427.64
28 418.82 10.357 1.2382 3692.4 418.82
29 424.62 3.9572 0.65989 1504.3 424.62
30 428.68 1.8293 0.42733 941.41 428.68
31 460.37 11.839 1.2876 4718.1 460.37
32 423.05 3.8408 0.64287 1503.8 423.05
33 424.01 1.7765 0.41957 936.93 424.01
<lo_statistics>
<cumulated_time> 9.080827 </cumulated_time>
</lo_statistics>