  0.00000180494427688  0.00000592418186031  0.00001126537597331  0.00001665261732634
  0.00002166844448666  0.00002646959500952  0.00003120979894313  0.00003593097729903
  0.00004061675318219  0.00004536809380771  0.00005017567559259  0.00005504516523600
  0.00005998337280488  0.00006480961171236  0.00006964280511634  0.00007461277206782
  0.00007967817763047  0.00008482915275251  0.00009009382001320  0.00009550505641128
  0.00010108912806867  0.00010674350719497  0.00011246334840198  0.00011827322073861
  0.00012420072742182  0.00013028131691001  0.00013651346789668  0.00014285793943346
  0.00014929173678122  0.00015579652087722  0.00016237184717360  0.00016908995966977
  0.00017602969557486  0.00018313906822568  0.00019041486324573  0.00019793703050217
  0.00020576728417639  0.00021378220804522  0.00022207644352991  0.00023067548879894
  0.00023950592839169  0.00024869021314684  0.00025819061304929  0.00026797952562892
  0.00027844691379155  0.00028898666085146  0.00030002829957797  0.00031148541033794
  0.00032328036178839  0.00033630520841053  0.00034937972555175  0.00036313692376949
  0.00037737007867372  0.00039226088730226  0.00040807210879619  0.00042478185252560
  0.00044213399253581  0.00046045489682358  0.00047956538374236  0.00049982359224472
  0.00052126918556661  0.00054376520223029  0.00056750608158353  0.00059244796675541
  0.00061904709841133  0.00064758191583819  0.00067825498725993  0.00071127826574557
  0.00074696826616507  0.00078598792900905  0.00082832074419806  0.00087380869842168
  0.00092202129125312  0.00097345563801419  0.00102919879775987  0.00108910582068995
  0.00115495739299851  0.00122742218561539  0.00130985611985388  0.00140158221885612
  0.00150620091995605  0.00162701418881446  0.00176586961509695  0.00192067618105291
  0.00209283987856703  0.00229168211179636  0.00253215332636096  0.00282143118212918
  0.00319425548224753  0.00364513820540190  0.00422971509319659  0.00496988435909023
  0.00588211519439365  0.00721413986241034  0.00943408872675969  1.00000000000000000
 -0.00225554149864618  0.00900142414320719  0.01845997623206044  0.02854192743723228
  0.03884167797593653  0.04920127917114946  0.05955131129083671  0.06983934662264529
  0.08065716434826266  0.09149147672434307  0.10254411553946971  0.11347884771431366
  0.12414973730303622  0.13454408875949647  0.14477429166678968  0.15524476559166603
  0.16609383718159559  0.17708686902068854  0.18802704952704327  0.19850910709144121
  0.20895813686802581  0.21945879917041872  0.23002304798078554  0.24067454675322600
  0.25153136929891756  0.26248684586282794  0.27320220658258182  0.28371313571926865
  0.29410688335121365  0.30485412876308993  0.31555112724353568  0.32630822965928385
  0.33692747017979430  0.34723636131484692  0.35740726530222838  0.36739312891335918
  0.37761215059492004  0.38838175623535054  0.39942988480871350  0.41069359113212173
  0.42156514241804527  0.43208494298337818  0.44248663639015651  0.45272385521175101
  0.46322101270937938  0.47387158597852408  0.48459610903519484  0.49522471788416317
  0.50579060640603801  0.51651133665379512  0.52717236474458862  0.53777912604805966
  0.54826095544025044  0.55857110367067986  0.56874740417337022  0.57901485724331336
  0.58947504636648473  0.60009810166909427  0.61065844976626604  0.62130903697644035
  0.63196690122478050  0.64268691656308297  0.65337311473031989  0.66413035198262327
  0.67479355917166128  0.68539551516542474  0.69579755698152224  0.70611499198860772
  0.71638234770000842  0.72672449832049357  0.73716383170691480  0.74761256606059567
  0.75814568423185991  0.76888964010897121  0.77997588180311050  0.79093863553217869
  0.80185070963392846  0.81260775604643087  0.82339210326832768  0.83417993806947743
  0.84470847203459654  0.85517475846281210  0.86555473845464037  0.87585047871003052
  0.88565534999275397  0.89559277987318142  0.90551095326459452  0.91573648606265734
  0.92597786000886351  0.93638691517854611  0.94718318709842209  0.95784314623651079
  0.96860382315212867  0.97907544154751602  0.98957638761746880  1.00000000000000000
 -0.00402470082425344  0.02470585975730511  0.04523943448894063  0.06255587044613710
  0.07819733880809816  0.09262553516583720  0.10619514419497163  0.11892088291805834
  0.13120886887764660  0.14308599715135786  0.15472869360198738  0.16601878077769236
  0.17705917199377541  0.18779436645734288  0.19833987561761338  0.20869241358349766
  0.21860114250848062  0.22822030725772868  0.23759853756985264  0.24674383809078043
  0.25570754667880746  0.26462250906129325  0.27359522054310043  0.28277760810701547
  0.29178566434164688  0.30052007556570010  0.30909857863760598  0.31768305812097053
  0.32615379674992523  0.33446781732077030  0.34264745991796081  0.35079238847578420
  0.35902755785816554  0.36733870072572328  0.37563887251726141  0.38391706341804532
  0.39217764138050959  0.40036188784816878  0.40846102189441641  0.41655191215761173
  0.42462061313006505  0.43277454884407895  0.44088067447674789  0.44905551482009115
  0.45724807082848512  0.46549277324901639  0.47367278327146467  0.48171365156522028
  0.48968595323902947  0.49772952751475247  0.50579790019467896  0.51389487493651198
  0.52189897562848508  0.52974171820595284  0.53754981426728654  0.54539553442066246
  0.55323278327513148  0.56109806385879257  0.56898670192801493  0.57680559616018756
  0.58455712503391077  0.59239552393253736  0.60034049291064306  0.60837185718187659
  0.61650987628515663  0.62455806066316555  0.63258288569327603  0.64057625547195995
  0.64868155852085840  0.65702694676512752  0.66542288467507105  0.67385501666194070
  0.68227543668182167  0.69088946757025982  0.69965563316070079  0.70856678386887051
  0.71759005127998898  0.72672834273172948  0.73596627569757433  0.74534554216573967
  0.75499493768145531  0.76495424929448419  0.77518139857779489  0.78561850225487984
  0.79643887136814950  0.80775843939417258  0.81934245913906634  0.83113956230758756
  0.84339344189516141  0.85645074203048632  0.87034796329604869  0.88575355672072220
  0.90320659864502451  0.92410969524402331  0.95255591515922888  1.00000000000000000
 -0.01945121300512217  0.10991236798209852  0.14567884343051843  0.16765248957247922
  0.18508960429724741  0.20003737873187943  0.21329176991421547  0.22533486047394330
  0.23645232358898105  0.24686880543782028  0.25674587952944583  0.26618904321777770
  0.27515979534832757  0.28369491610162967  0.29195236648461087  0.29991078291366635
  0.30762376914925982  0.31516919172680291  0.32256307150537350  0.32981499742397102
  0.33694767566368033  0.34395504436084529  0.35086383285831463  0.35756766138843332
  0.36410267759051179  0.37058698523905470  0.37698047363073356  0.38320007563770747
  0.38927847106680868  0.39524942583079503  0.40111238461055304  0.40691475186382747
  0.41279399032423941  0.41864393696301977  0.42443821067819326  0.43019497541920926
  0.43591218749778921  0.44157704281188914  0.44725028880453577  0.45290964334459516
  0.45853711422654814  0.46411887893628923  0.46968120881197339  0.47523594712237832
  0.48073362515458201  0.48615721017680974  0.49152141011825973  0.49696422591478223
  0.50240103832020422  0.50791250459518700  0.51338060165030264  0.51882146685082087
  0.52425327846687342  0.52966699330195022  0.53508175541942582  0.54052602376059999
  0.54604196771096458  0.55163436130182408  0.55726049836448222  0.56290642569512783
  0.56856419313236728  0.57428337135299146  0.58003653218160012  0.58589874182883972
  0.59182281307861606  0.59775263498453368  0.60372893111668580  0.60976496639528643
  0.61590042652254462  0.62214291266802491  0.62853705309089969  0.63503105723182718
  0.64153934088158437  0.64811816046098969  0.65482578801668467  0.66166922374020531
  0.66873933169397493  0.67601383024797324  0.68344097171903240  0.69117644099111963
  0.69925035407353264  0.70760399379613714  0.71619021890718204  0.72498144662865160
  0.73401016771467098  0.74345471380166617  0.75346475009115432  0.76408565483893709
  0.77529789600747678  0.78732173847654874  0.80060821789591619  0.81549626723076996
  0.83287991455483046  0.85482431614333987  0.89042140523336677  1.00000000000000000
   2.3695071735028404E-003  -1.0000000000000000     
 F F F F F F F F F F F F F F F F F F F F F F F F F F F F F F F F
  <DiscreteSampler_grid>
  grouped_processes
  1 # 1 for a reference and 2 for a running grid.
  10 # Attribute 'min_bin_probing_points' of the grid.
  1 # Attribute 'grid_mode' of the grid. 1=='default',2=='initialization'
  0.0000000000000000 # Attribute 'small_contrib_threshold' of the grid.
  0.5000000000000000 # Attribute 'damping_power' of the grid.
 # binID   n_entries weight   weight_sqr   abs_weight
    10   10   4.856983356537045E+008   6.102035723812362E+017   4.856983356537045E+008
    16   10   4.856983356537045E+008   6.102035723812362E+017   4.856983356537045E+008
  </DiscreteSampler_grid>
