  0.00000172919075906  0.00000511504213039  0.00001122519494595  0.00001684350838450
  0.00002215002670641  0.00002721183252466  0.00003211100628493  0.00003695170096232
  0.00004176058701639  0.00004663554072085  0.00005156570916451  0.00005656641909728
  0.00006165829791805  0.00006671265206362  0.00007186648061131  0.00007709605646952
  0.00008239461386751  0.00008781046874081  0.00009340048234376  0.00009912039687752
  0.00010497851286616  0.00011095711924701  0.00011703810863087  0.00012322644712247
  0.00012951761952231  0.00013594594464778  0.00014254803471481  0.00014923496394992
  0.00015600819300295  0.00016281227785096  0.00016963275599036  0.00017659444012616
  0.00018386041432183  0.00019127932372855  0.00019898906262857  0.00020701059077000
  0.00021526118568340  0.00022391265345562  0.00023290703301543  0.00024205760538963
  0.00025145317750626  0.00026100528233684  0.00027107159743679  0.00028147173983081
  0.00029211684316530  0.00030333608046381  0.00031487070389929  0.00032710596239349
  0.00033978303532861  0.00035300919044449  0.00036692839597297  0.00038171919801318
  0.00039726135543316  0.00041390585274907  0.00043113416426444  0.00044913182972079
  0.00046778198471530  0.00048721688088294  0.00050784484942913  0.00052932024707416
  0.00055272397077473  0.00057719160911604  0.00060371391957532  0.00063252406264078
  0.00066318997299194  0.00069593474487863  0.00073087009479548  0.00076857640225767
  0.00080926018461074  0.00085263699103780  0.00089853192198361  0.00094739286950559
  0.00100166645155307  0.00106098466955820  0.00112625604389932  0.00119542110529263
  0.00127174158329874  0.00135548394921863  0.00144655051521473  0.00155401284060341
  0.00167616615582990  0.00181977689378332  0.00198186511262451  0.00216535663568645
  0.00237912575355274  0.00264138110938479  0.00296916361231476  0.00337320493368070
  0.00388041475328000  0.00451262326161122  0.00537942423023402  0.00664050661973965
  0.00882094784114016  0.01259137723277986  0.13899087620039441  1.00000000000000000
 -0.00251018447532078  0.00998926612593318  0.02068214276904460  0.03152531666967363
  0.04223733471118090  0.05294572845812000  0.06370745853338385  0.07456076475072947
  0.08534688658129259  0.09596716155245026  0.10651363988454104  0.11675199613046164
  0.12696474431029872  0.13726322816169378  0.14756204487152869  0.15822282961381248
  0.16898715182546703  0.17999644767931755  0.19072334130075072  0.20091879343265703
  0.21118366410407882  0.22182127042482211  0.23253619923713678  0.24313633993328249
  0.25372331513508323  0.26439645451793264  0.27506778315081382  0.28556294550903527
  0.29604724462469340  0.30650165390572742  0.31698344136665435  0.32746090289817437
  0.33793553423674533  0.34835076311348639  0.35889495263725341  0.36945997239964895
  0.38024746131436926  0.39105376524842078  0.40185921645827077  0.41265329154525365
  0.42349943927029576  0.43430754547337713  0.44476537888334122  0.45532207307210065
  0.46565310936605492  0.47618104955029955  0.48644779908179464  0.49698384012088515
  0.50732143422923270  0.51769892515904803  0.52781665791482457  0.53805532787257415
  0.54827332254416372  0.55861689248670210  0.56872145487978165  0.57898075899862589
  0.58918426010383307  0.59953082030111637  0.60987253552729981  0.62036889628682546
  0.63088893352485875  0.64148594897663114  0.65207456926181040  0.66294447238967391
  0.67382610842366075  0.68463725821900745  0.69550241137307733  0.70651702559629304
  0.71746107963419203  0.72853148631816667  0.73933662120818955  0.75031364754691066
  0.76059070531245598  0.77091160744157161  0.78135647970450650  0.79180694215410174
  0.80218658204631577  0.81249218018442260  0.82309966263621381  0.83365164244540968
  0.84430715428791281  0.85489706688340672  0.86549771640168705  0.87571390610410149
  0.88595690430842089  0.89632472686662257  0.90691850512309946  0.91756561555070704
  0.92811481677428720  0.93867996334362391  0.94909816758993637  0.95950198775305695
  0.96961851236057295  0.97984723231248527  0.98991852012996218  1.00000000000000000
 -0.00343111247342183  0.02390520884674945  0.04428250244591746  0.06153929789223436
  0.07708647496893804  0.09174225840518829  0.10576058763629816  0.11897140369854843
  0.13161775077749821  0.14376365189305434  0.15531127930545557  0.16637431801583771
  0.17716619471222814  0.18763831071797868  0.19781852560239513  0.20779669554688124
  0.21766306103383140  0.22733023116562245  0.23677405190331599  0.24596858246082356
  0.25500503844950662  0.26389289938905214  0.27280485118123515  0.28165457504634744
  0.29051888887564803  0.29944572804320768  0.30843509738742569  0.31731168178082775
  0.32607758766052797  0.33464812091508317  0.34310997142463723  0.35155824674195896
  0.35989665073137783  0.36805191858209607  0.37607490451192482  0.38404921993830576
  0.39206241338264558  0.40013372327194024  0.40821052754360637  0.41630356440202654
  0.42443934788576487  0.43261331720397805  0.44082625193568059  0.44913111317776105
  0.45757929356134280  0.46584889332931101  0.47401076297210093  0.48201643931906812
  0.48997862370222917  0.49793330303522926  0.50587131383203787  0.51375963915114387
  0.52161294560852212  0.52938887556630654  0.53712546175610210  0.54485752013633626
  0.55255473370717334  0.56032600123493592  0.56807953248375354  0.57586379079380079
  0.58370318282675193  0.59166178525980717  0.59957904942241924  0.60743274608579922
  0.61535010110317589  0.62328617778661921  0.63148061772507902  0.63983197145812498
  0.64826229728924911  0.65667998050826126  0.66516827291505165  0.67373877748566557
  0.68240092272271213  0.69103116616103344  0.69971483035056736  0.70848243160902236
  0.71734626355435049  0.72627729919838513  0.73551990821593949  0.74507023756430202
  0.75491834122270252  0.76505675650036320  0.77541918889978456  0.78596042893905727
  0.79652886366802722  0.80724659543654320  0.81857526800519231  0.83059995227111405
  0.84343803573618081  0.85673442316815684  0.87061281599671470  0.88575170542748893
  0.90293239184764229  0.92315694051270480  0.95069788705403724  1.00000000000000000
 -0.01886692546411916  0.10918275099865914  0.14490598559967760  0.16679213511968144
  0.18397253617599540  0.19857704586329869  0.21144967675423909  0.22336347684789187
  0.23450397086830055  0.24506793002070418  0.25487285065377463  0.26430050989093695
  0.27321959722931205  0.28183761746019825  0.29020165720997088  0.29825489323943782
  0.30609082351411870  0.31379455356540054  0.32126399333819966  0.32856622343462849
  0.33561661958747541  0.34246032466524945  0.34921812764886684  0.35586669157979922
  0.36231710863256317  0.36869006902821272  0.37494706687657731  0.38112080131369436
  0.38724550272976155  0.39333297555776203  0.39936772772502088  0.40532355625805777
  0.41121257108519310  0.41703414637912939  0.42275546806047459  0.42845483497388842
  0.43411785481985793  0.43982660089058068  0.44554393579906809  0.45125425056045143
  0.45695829850733860  0.46269224008538329  0.46838709289170627  0.47405169422287569
  0.47967344793123207  0.48526941319354927  0.49087938176704654  0.49649228004848062
  0.50211899073065891  0.50784405010967382  0.51357137904386219  0.51929850955987844
  0.52500131212936640  0.53072914920339087  0.53649873740178666  0.54230746798449103
  0.54813035001763299  0.55394849959913162  0.55975852015842742  0.56553081641409697
  0.57126673831631958  0.57701088513120025  0.58281712812440845  0.58869491826566822
  0.59464164984912671  0.60061155920681830  0.60663690272722692  0.61271015258557981
  0.61880842291155991  0.62491854860095564  0.63108417019666019  0.63736037651187738
  0.64377761836462855  0.65040569819933058  0.65719989303289716  0.66405910293069315
  0.67110305723891139  0.67831486618850967  0.68554061856387993  0.69306389945593583
  0.70077963275696997  0.70878705810925191  0.71706597541259887  0.72562124474541512
  0.73449692100508457  0.74377451932801175  0.75351470805664889  0.76382825442517455
  0.77482263868286438  0.78671586211489020  0.79986538518213857  0.81475094198012821
  0.83229972398981500  0.85465265203322016  0.89019279181633970  1.00000000000000000
   2.3715755589721445E-003  -1.0000000000000000     
 F F F F F F F F F F F F F F F F F F F F F F F F F F F F F F F F
  <DiscreteSampler_grid>
  grouped_processes
  1 # 1 for a reference and 2 for a running grid.
  10 # Attribute 'min_bin_probing_points' of the grid.
  1 # Attribute 'grid_mode' of the grid. 1=='default',2=='initialization'
  0.0000000000000000 # Attribute 'small_contrib_threshold' of the grid.
  0.5000000000000000 # Attribute 'damping_power' of the grid.
 # binID   n_entries weight   weight_sqr   abs_weight
    10   10   3.412380814370540E+008   3.539512526816216E+017   3.412380814370540E+008
    16   10   3.412380814370540E+008   3.539512526816216E+017   3.412380814370540E+008
  </DiscreteSampler_grid>
