 -0.00208745225893454  0.00775444463362663  0.01627160676473540  0.02508890021939765
  0.03407911247992091  0.04300120226755640  0.05206275717484116  0.06104243166528588
  0.07040181735533478  0.07964742778510735  0.08944479641620501  0.09940487502052886
  0.10956293036822862  0.11994906432794544  0.13036664920145635  0.14058524499989433
  0.15054776267015707  0.16036136094852188  0.17018772622019487  0.18001751728906260
  0.19012529843858536  0.20068177208634844  0.21169997061827511  0.22297537238488110
  0.23409461610089785  0.24486771206686259  0.25553836204992519  0.26648840738149276
  0.27767179503195055  0.28884117669791193  0.29986603120406263  0.31079092093679866
  0.32183203306934099  0.33279214308131538  0.34378346496154938  0.35496636573977147
  0.36681599790914382  0.37862671978680268  0.39000451923496482  0.40134208766152607
  0.41241889913234758  0.42331042545317626  0.43376599856486597  0.44462099727894511
  0.45550288334778138  0.46656059537457056  0.47735886250868187  0.48843246747525643
  0.49960508787404290  0.51107563971149661  0.52269648219918829  0.53454223004541479
  0.54640559500990538  0.55796824600712280  0.56937071726312871  0.58074103233313656
  0.59208827572477796  0.60351180066107801  0.61505440275878109  0.62643778984252430
  0.63764100612611230  0.64886519078347638  0.66006963724026368  0.67082049986867465
  0.68130137977161431  0.69203629370950626  0.70298425333112746  0.71379858652741046
  0.72448350614157553  0.73524064749495877  0.74614710142078289  0.75711730232572183
  0.76805666665224015  0.77885241654011672  0.78935356486577668  0.79965135937259280
  0.80985750455892269  0.81996271508794782  0.83019942670381408  0.84062282659681142
  0.85110448092483448  0.86146643024065006  0.87191179413409281  0.88264028283190110
  0.89329040366351797  0.90348052644993027  0.91324435520636438  0.92289571689683370
  0.93246628373370410  0.94203431013702033  0.95160561122122289  0.96121788795999041
  0.97092938237763260  0.98065007044940400  0.99035455073037781  1.00000000000000000
 -0.00189341114810374  0.00980009102685998  0.01998758007237748  0.03037606586986145
  0.04064971061412120  0.05052380056631739  0.06035809482945322  0.07037734654064970
  0.08056965887234056  0.09089411740718849  0.10107623324232946  0.11179245132832266
  0.12272603603222756  0.13385096960625381  0.14494407582718680  0.15595498604553087
  0.16682078814676901  0.17728950331428331  0.18761253003650036  0.19791876659195731
  0.20831136512059725  0.21882813506968701  0.22924154465844604  0.23983008451137822
  0.25029149673942025  0.26071984873266091  0.27129275834124145  0.28170116026974185
  0.29208030079524033  0.30242810699394163  0.31284482976709238  0.32367061507383960
  0.33446608893523333  0.34563684860253552  0.35664954154397660  0.36725881431108820
  0.37778811929256650  0.38843833663210137  0.39926065962105478  0.41026090075844973
  0.42102743058089798  0.43166117957892097  0.44201167699462646  0.45242817866574553
  0.46304832318060202  0.47354769706051264  0.48392483631136746  0.49425234189458600
  0.50475818278825269  0.51543992447922393  0.52606525139337612  0.53661442414193528
  0.54706499563967570  0.55754112223678332  0.56800043157335134  0.57837891912675976
  0.58894507839851917  0.59958918154746110  0.61069811152759723  0.62194318189514630
  0.63326776577525989  0.64472652078582049  0.65590782698045380  0.66672533281208690
  0.67713303938932867  0.68750608229269317  0.69814533350875951  0.70878097153305664
  0.71926749143633095  0.72961986710765814  0.74002377676882580  0.75055562242575036
  0.76139332533565962  0.77228118208630858  0.78301570242514185  0.79360974117633654
  0.80432398715597231  0.81493832797852994  0.82535155165001228  0.83557230870499888
  0.84594797921612874  0.85626075220467723  0.86682736634242785  0.87720816111508526
  0.88785472917523645  0.89837439904459893  0.90913711637377337  0.91977961333553471
  0.93038653357008916  0.94073320607466215  0.95069395603775131  0.96057520923253825
  0.97051855462957837  0.98045605310467676  0.99027029292774815  1.00000000000000000
 -0.00263466972502171  0.01733969916746390  0.03252089090640337  0.04547670411974664
  0.05722980907042448  0.06820637356888030  0.07846673542747273  0.08832769388104618
  0.09779255330327061  0.10710993501478787  0.11635177658494096  0.12550073980875531
  0.13446264970640262  0.14325165061435224  0.15181111699805164  0.16023439289512878
  0.16857746424914197  0.17684754308341336  0.18491100679777192  0.19307542579342268
  0.20123875842873254  0.20950937614268308  0.21777717897859236  0.22595187198435870
  0.23396386488327273  0.24175852337298864  0.24956771012920900  0.25728039548130754
  0.26501497417890846  0.27289129637052828  0.28083337075878273  0.28867331721889122
  0.29644296005898496  0.30429255307836212  0.31230645059038603  0.32063551042507310
  0.32898003063678288  0.33703890612236032  0.34483430815791977  0.35255013522257367
  0.36036370082428398  0.36829303677030384  0.37619913128695581  0.38404035762299737
  0.39173254659304529  0.39955361672423401  0.40736246839037199  0.41519866461748478
  0.42319008416247927  0.43138314196925909  0.43976914082582674  0.44810222923953830
  0.45632677304221653  0.46444717474836500  0.47254485806822344  0.48078219295907137
  0.48923818168584382  0.49782802532403153  0.50642495266074317  0.51500258923144104
  0.52358327388102077  0.53215862518635848  0.54064769033507132  0.54905819172263226
  0.55753936489463263  0.56631242683343097  0.57530702016858959  0.58437300036046302
  0.59356568165134793  0.60277792208900660  0.61204461117261644  0.62152147703966054
  0.63134115660815748  0.64141183862162554  0.65148819280861814  0.66161607913455900
  0.67187976832680196  0.68243040234123875  0.69331984546921788  0.70454715685533276
  0.71580877150270572  0.72710143014511808  0.73879688960312706  0.75107227916222252
  0.76370510544895764  0.77691193869685271  0.79058031411782892  0.80505430597572558
  0.82070741956964122  0.83723075872942931  0.85441515373933463  0.87212944766263500
  0.89292714179115329  0.91736637374715690  0.94919862621615414  1.00000000000000000
 -0.01988020997324070  0.13002079672268282  0.17926347151153343  0.20992997495665025
  0.23460153864705993  0.25596700234189795  0.27476879716867786  0.29153825410955253
  0.30722676688558587  0.32178788424292443  0.33539582619462721  0.34839051967830659
  0.36077082184928733  0.37254243122339187  0.38386334631411984  0.39471699893290368
  0.40504614546861301  0.41497079810240028  0.42448778296806317  0.43386619580864361
  0.44286896191046521  0.45154088036551909  0.45994380019363912  0.46807032058099518
  0.47599367681650495  0.48374558345256352  0.49141664933307710  0.49896075050633631
  0.50632821337007472  0.51354280849401479  0.52079229553826256  0.52785821538256672
  0.53483328076088177  0.54165811407617659  0.54822129170063649  0.55467923578291056
  0.56108559110403133  0.56742475117394686  0.57370262141167194  0.57990754773264397
  0.58602748851895559  0.59208649959963722  0.59813880550104470  0.60419134376178663
  0.61014288975390019  0.61594937280070317  0.62159966799732980  0.62720784635624027
  0.63280061946206112  0.63841966215371437  0.64403307757383377  0.64954250690132365
  0.65500757447652735  0.66046198870953876  0.66588214812435920  0.67125933338371790
  0.67659455202197005  0.68187726191439957  0.68710339837093137  0.69224522960798907
  0.69737613767526208  0.70255866039212200  0.70774123188213389  0.71293246767813900
  0.71815926657871199  0.72339535575994274  0.72861257998316842  0.73380175396540503
  0.73896900325108716  0.74416571789208819  0.74939863761689274  0.75471562622523591
  0.76005382604220328  0.76542772974211049  0.77082670106365492  0.77622450855394787
  0.78165131688838640  0.78713541959301114  0.79274964638160628  0.79853254826980968
  0.80437045486398562  0.81028212302136327  0.81640646725159627  0.82279451084568989
  0.82938233204621314  0.83623485037528866  0.84352601344295008  0.85099801521849983
  0.85921576680278067  0.86816045544503984  0.87788654648672404  0.88891714464176241
  0.90145733471300005  0.91756664879409722  0.94197439704234254  1.00000000000000000
   1.5870231030647621E-003  -1.0000000000000000     
 F F F F F F F F F F F F F F F F F F F F F F F F F F F F F F F F
  <DiscreteSampler_grid>
  grouped_processes
  1 # 1 for a reference and 2 for a running grid.
  10 # Attribute 'min_bin_probing_points' of the grid.
  1 # Attribute 'grid_mode' of the grid. 1=='default',2=='initialization'
  0.0000000000000000 # Attribute 'small_contrib_threshold' of the grid.
  0.5000000000000000 # Attribute 'damping_power' of the grid.
 # binID   n_entries weight   weight_sqr   abs_weight
    10   10   2.940755450761244E+008   9.215423541105944E+016   2.940755450761244E+008
    11   10   2.940755450761245E+008   9.215423541105946E+016   2.940755450761245E+008
  </DiscreteSampler_grid>
