  0.00000439299597226  0.00001008813870844  0.00001503628595110  0.00001963869743379
  0.00002398691872952  0.00002818379732160  0.00003250736938859  0.00003714256754310
  0.00004191658499902  0.00004662697136128  0.00005139958727570  0.00005621114707150
  0.00006107778461672  0.00006603729652263  0.00007110850637169  0.00007626992970037
  0.00008151296611281  0.00008688020662033  0.00009240776096703  0.00009811069281384
  0.00010397218693571  0.00010995668987452  0.00011607036651389  0.00012231141739850
  0.00012867882310875  0.00013514446313506  0.00014165870798244  0.00014822035997552
  0.00015490769800275  0.00016162352515330  0.00016840123502786  0.00017534139655998
  0.00018248764960103  0.00018974380131474  0.00019733363999166  0.00020513418025340
  0.00021315335173547  0.00022146330586247  0.00023008843796570  0.00023905202629060
  0.00024840781820519  0.00025814569030172  0.00026818454394994  0.00027865863363081
  0.00028934817901150  0.00030046296955227  0.00031220387609340  0.00032410978590927
  0.00033706270217974  0.00035017693265984  0.00036415413065741  0.00037878429455888
  0.00039421528919497  0.00041045871144160  0.00042736072847928  0.00044506909575993
  0.00046369721751636  0.00048338867028759  0.00050434715239476  0.00052649837925725
  0.00054990624010011  0.00057480117454662  0.00060132940946250  0.00062960617485470
  0.00065961395946302  0.00069168555021087  0.00072585380617125  0.00076230789299741
  0.00080166338091140  0.00084468546498690  0.00089296657735578  0.00094569497507761
  0.00100290338948605  0.00106374731960896  0.00112929632153678  0.00120228668874720
  0.00128313085131972  0.00137749645466802  0.00148326439312017  0.00159919542060653
  0.00173080412912919  0.00188106135792750  0.00205660484473489  0.00226241799410722
  0.00251381380997239  0.00280962709865365  0.00315100801885971  0.00357959016072321
  0.00417997535123802  0.00500806895927758  0.00615526755357500  0.00819376116287178
  0.01132434669314974  0.01772402661200248  0.09671043156357803  1.00000000000000000
 -0.00236891396943576  0.00921210285611038  0.01912972829817544  0.02984655053436709
  0.04047247497723813  0.05117876222324447  0.06165731832090825  0.07243449218416478
  0.08311905319668905  0.09410820266468353  0.10493632683736052  0.11575008797947192
  0.12630315979625498  0.13703475114082508  0.14772159867339490  0.15823575365647244
  0.16879764494234556  0.17929250308462574  0.18987838956321157  0.20044374664367351
  0.21093876902211942  0.22124640410773688  0.23152816002583801  0.24178501523823620
  0.25228222594551464  0.26273990096546906  0.27318356053868376  0.28350900097758225
  0.29401982457796422  0.30479522578560042  0.31561545865134777  0.32644517533428646
  0.33732101948911675  0.34830243042239928  0.35902248393784630  0.36954864522549929
  0.38008700363635128  0.39061025270738026  0.40113271407547141  0.41176442854075795
  0.42248658874325007  0.43318564177584734  0.44383249230523214  0.45440900972279735
  0.46502260385911398  0.47574793963562517  0.48657361401149818  0.49747321165095765
  0.50832373839997869  0.51922764534408261  0.53022606969255093  0.54126311299503116
  0.55211251737221434  0.56279507659456141  0.57331412718537267  0.58378039414020388
  0.59426013299996494  0.60466593557825399  0.61508396486474626  0.62535467746798712
  0.63550919210784795  0.64559595930049207  0.65566805460621425  0.66578651842928316
  0.67607570608603607  0.68657083265090835  0.69743392628806167  0.70826876778155134
  0.71875435937473753  0.72894884365675727  0.73916761074707915  0.74945858592088532
  0.75970514980280079  0.76998003524282210  0.78049846260785793  0.79100577488552692
  0.80164947444904400  0.81201630353640541  0.82278852076123710  0.83345400139740378
  0.84433124997651576  0.85511288001881969  0.86567933557065579  0.87614774896358272
  0.88657011329173385  0.89678653400861397  0.90721749055430156  0.91764141751433215
  0.92823491196693075  0.93881909852508871  0.94910546012140806  0.95948303549334513
  0.96954726245732192  0.97967098044294332  0.98984989462055917  1.00000000000000000
 -0.00364495168706606  0.02463000473552807  0.04511168966085073  0.06234071889562991
  0.07789807791650824  0.09225827128799712  0.10583318826017379  0.11863522620357829
  0.13095662996966803  0.14279208058505463  0.15419143234775454  0.16530940727456686
  0.17618405740188120  0.18676788832115845  0.19696771801054805  0.20686574310150008
  0.21659623931933458  0.22622701839292217  0.23595412448732705  0.24551066925813081
  0.25490382019942781  0.26417068882487943  0.27338109342826117  0.28243987387304392
  0.29134571704545126  0.30011490180514983  0.30884719554924761  0.31756735523798679
  0.32616509062766669  0.33469243966804418  0.34323088959341352  0.35168812024372892
  0.36011596301603366  0.36849368124726212  0.37676803254372154  0.38503123066262940
  0.39323546057640524  0.40132824241328258  0.40931472360817622  0.41735150994096321
  0.42529818651132079  0.43321349781121588  0.44102825642569793  0.44865871493553200
  0.45629896430694594  0.46417290462465582  0.47219755115777801  0.48021449054920873
  0.48815271125000764  0.49596728893252745  0.50368712667376125  0.51139918148597829
  0.51914928080847900  0.52698662448798539  0.53488010376503070  0.54273671702556658
  0.55057009888072028  0.55844694728286459  0.56638938800512939  0.57440352060967503
  0.58235087950551345  0.59022876455533579  0.59818590071395572  0.60631887752462710
  0.61459043866907470  0.62291057403754690  0.63113839143159767  0.63939023032073872
  0.64761103078268112  0.65591767052378191  0.66417616732562457  0.67272308839479844
  0.68123067644960178  0.68984322055802227  0.69852268338855117  0.70733122073133103
  0.71630358014721218  0.72545020621428080  0.73473534558705822  0.74417298480263272
  0.75385203340690377  0.76387994066025422  0.77421689799803761  0.78461710486058167
  0.79524342802301928  0.80612981921241200  0.81771380629197610  0.82980253830037043
  0.84291932309213535  0.85655938958099820  0.87080851433847206  0.88609039468367967
  0.90308184206512021  0.92351330658749164  0.95178227594601361  1.00000000000000000
 -0.01844517901339384  0.11015005712372912  0.14606801947665790  0.16845680712256147
  0.18564590128841507  0.20036564331824003  0.21336375677056227  0.22512092258944932
  0.23608301493328379  0.24650867583536248  0.25635366035536455  0.26573341079300800
  0.27468846171631478  0.28326015605484828  0.29158506705819981  0.29960334746610373
  0.30748601369818768  0.31514427959679542  0.32255083674891794  0.32983241623466186
  0.33694492059522219  0.34389981360021116  0.35082950965709286  0.35742087594804078
  0.36380253997396073  0.37011252040552567  0.37633815185384567  0.38247186392648591
  0.38854888296286727  0.39456216269872318  0.40045463715628887  0.40623335742066463
  0.41193873082368471  0.41757814694984935  0.42329437906198097  0.42903700639789705
  0.43478972810976707  0.44052897091256304  0.44627419232102761  0.45197471204474837
  0.45766537285451953  0.46330075318513692  0.46892513472459540  0.47455382689641845
  0.48013388496583354  0.48567943053285639  0.49115077314546851  0.49664302525854082
  0.50217192799779076  0.50767668994155213  0.51321044710233388  0.51875503006556212
  0.52437236545690502  0.53005976770674479  0.53579475523871145  0.54153631089955889
  0.54724419946359826  0.55292992577927025  0.55864567538681442  0.56440656342142559
  0.57022133410745757  0.57605223955307328  0.58186685757230772  0.58770091904801758
  0.59358161911323748  0.59951468006595110  0.60557818668076524  0.61171428472061351
  0.61785186210460341  0.62402726126596209  0.63030375161451635  0.63670408703827508
  0.64320995235490119  0.64981963285307665  0.65651592349276833  0.66325647841548085
  0.67017914523881916  0.67733813894062811  0.68464097184851436  0.69230847377768723
  0.70022756959525534  0.70842182972883150  0.71699762372916709  0.72579043784510278
  0.73470403749668700  0.74392034169361787  0.75369743212035989  0.76416305791333605
  0.77528806503293191  0.78725711685096011  0.80041690541829003  0.81540821009330955
  0.83311895967399330  0.85542059174128060  0.89088177651785172  1.00000000000000000
   2.3749226614031842E-003  -1.0000000000000000     
 F F F F F F F F F F F F F F F F F F F F F F F F F F F F F F F F
  <DiscreteSampler_grid>
  grouped_processes
  1 # 1 for a reference and 2 for a running grid.
  10 # Attribute 'min_bin_probing_points' of the grid.
  1 # Attribute 'grid_mode' of the grid. 1=='default',2=='initialization'
  0.0000000000000000 # Attribute 'small_contrib_threshold' of the grid.
  0.5000000000000000 # Attribute 'damping_power' of the grid.
 # binID   n_entries weight   weight_sqr   abs_weight
    10   10   4.341696431588650E+008   1.009845450965655E+018   4.341696431588650E+008
    16   10   4.341696431588652E+008   1.009845450965656E+018   4.341696431588652E+008
  </DiscreteSampler_grid>
