  0.00000153140013913  0.00000556964334253  0.00001172459623955  0.00001747716283976
  0.00002283825687424  0.00002793684936739  0.00003286099534475  0.00003761476343261
  0.00004232693401462  0.00004705549019706  0.00005183223602802  0.00005667755126273
  0.00006160395076390  0.00006668471992656  0.00007183085267323  0.00007706186648733
  0.00008238338295748  0.00008781149119260  0.00009334858297129  0.00009893593609996
  0.00010460752344089  0.00011041964379192  0.00011636270262358  0.00012243328741334
  0.00012858536710970  0.00013478439931388  0.00014102838581907  0.00014735957478143
  0.00015385708000408  0.00016040486038135  0.00016697737856106  0.00017367542018144
  0.00018050385160292  0.00018771419796037  0.00019504683294437  0.00020268314772737
  0.00021058600716441  0.00021879021444083  0.00022744414952398  0.00023642429251967
  0.00024573426269523  0.00025537162650918  0.00026519246612695  0.00027548078722600
  0.00028609875330876  0.00029706987431580  0.00030866943131908  0.00032025683118685
  0.00033269239329810  0.00034556397603074  0.00035908374264842  0.00037340689122139
  0.00038804078084319  0.00040335790497695  0.00041934007585797  0.00043602240954192
  0.00045375710397329  0.00047241141854356  0.00049234790727721  0.00051399066843147
  0.00053665266694363  0.00056123042354947  0.00058692888646341  0.00061436512829182
  0.00064327448121398  0.00067394749693470  0.00070673441295207  0.00074166225515875
  0.00077919772083048  0.00082005993986656  0.00086498482644282  0.00091374987704629
  0.00096515958268297  0.00102207316293817  0.00108253877074444  0.00114864438399915
  0.00122209980316142  0.00130371897704107  0.00139882460805538  0.00150126440832564
  0.00161749642500398  0.00174931646413884  0.00190023486016814  0.00207874438321298
  0.00228944858963026  0.00254358003825303  0.00285555941887937  0.00321303986732159
  0.00363730703014240  0.00418906107985195  0.00500199165250356  0.00624635030654744
  0.00809500601699089  0.01239339665935453  0.33488573470501715  1.00000000000000000
 -0.00255711403798797  0.00976232421116871  0.01986539886267374  0.03059688314785951
  0.04113204827715428  0.05211705933625387  0.06309758277425076  0.07358465873633517
  0.08410902017323331  0.09432348843976662  0.10472239236554219  0.11478706627637265
  0.12466725892158270  0.13518415548504392  0.14564946467992829  0.15625849957029711
  0.16686700362420490  0.17740458057136901  0.18806045612203454  0.19831702867101300
  0.20853028647440686  0.21884089122792483  0.22906540959221589  0.23960855012917529
  0.25030778983754970  0.26125873724197013  0.27222761073705776  0.28331564285675997
  0.29424811136740681  0.30506131127151814  0.31577521877407427  0.32671046563847755
  0.33768305151908934  0.34868012320210173  0.35956544529570894  0.37035201249499794
  0.38117903095327366  0.39195058831317242  0.40239509600486617  0.41250103573239655
  0.42278034984342472  0.43312434244481302  0.44350460423293242  0.45384299208557327
  0.46434513732594113  0.47493788193853759  0.48553093027412514  0.49611367197980727
  0.50675100925089545  0.51739756067676823  0.52797688570331613  0.53865406008632821
  0.54915280875943351  0.55973507586100935  0.57027926280177199  0.58080570253842534
  0.59117465837134553  0.60147438013982379  0.61181996829509622  0.62220458856664040
  0.63243172956456195  0.64261680603510452  0.65282922864777870  0.66303686999930522
  0.67348813176869005  0.68391004697498003  0.69451381976103899  0.70507439503758529
  0.71573624239017319  0.72637412026154302  0.73686730508007459  0.74725204829464309
  0.75774582899815057  0.76839764429685842  0.77904763831771584  0.78981567709306166
  0.80040600375121562  0.81108459822036005  0.82139378516844552  0.83184801789492380
  0.84248601109022792  0.85317082525860266  0.86395106022837453  0.87463287104605236
  0.88558655712362988  0.89643509138446098  0.90714387211842129  0.91780620030584359
  0.92831532845398212  0.93854210054492415  0.94890761138658664  0.95924786026393571
  0.96962186038156040  0.97987802849164729  0.98997420342285047  1.00000000000000000
 -0.00406816978269893  0.02475604310937801  0.04522808943347288  0.06232079792162731
  0.07796197386910664  0.09252331546065193  0.10615743544697656  0.11900158008797009
  0.13131966497142067  0.14316296910847531  0.15482653270026669  0.16615182248223598
  0.17729021409841794  0.18817195214007229  0.19881691974035526  0.20914989410328433
  0.21918678957041710  0.22904256223070812  0.23869127670567022  0.24821141386116954
  0.25752927926983826  0.26681877832399248  0.27597730142825566  0.28505473926473129
  0.29400959002100618  0.30284900629923994  0.31171811957205253  0.32040605838689329
  0.32902190103736495  0.33747882369601423  0.34584458712694743  0.35414868545814460
  0.36230082996215401  0.37043365449476717  0.37858333320421739  0.38669447208501867
  0.39477071155459514  0.40267553232905057  0.41044584388644806  0.41818174203361869
  0.42599647567290716  0.43388870632712179  0.44180505273991222  0.44964180762990386
  0.45744578529622915  0.46515546776698047  0.47289807882145396  0.48067036641352667
  0.48850608686829206  0.49633331998990532  0.50406531340599225  0.51170655783033681
  0.51937065694983364  0.52711113765986661  0.53499042358143090  0.54297907759828867
  0.55097639669663556  0.55891203780865195  0.56676192819717786  0.57469788612301398
  0.58260208120518708  0.59053541068357118  0.59839324733535593  0.60629654724141879
  0.61433319030533029  0.62236093576658591  0.63057497536680784  0.63893244745778532
  0.64747037703310228  0.65644313537565668  0.66545561973850798  0.67428007377338484
  0.68306771023875423  0.69190640147374816  0.70091036251115202  0.70996547594465453
  0.71903341432248136  0.72825842272809227  0.73763682293517829  0.74712833461748884
  0.75676260700696885  0.76666999567840399  0.77691750392260839  0.78742270223762156
  0.79812113312627553  0.80901803952163343  0.82018625260761480  0.83175801987035192
  0.84393081052762553  0.85662905790139754  0.87028668043932511  0.88539864691342585
  0.90293008856943036  0.92373785536600639  0.95187944555980475  1.00000000000000000
 -0.01906881049039673  0.10980787308519946  0.14523610014210916  0.16761188875098260
  0.18519167797687144  0.20023337055925747  0.21353715088836756  0.22555530819539107
  0.23664877863833139  0.24710865398715964  0.25696040799058789  0.26633331024349832
  0.27528582326107920  0.28395961912002676  0.29233418653439658  0.30034156666844214
  0.30807790892366588  0.31557283309508682  0.32292649491173342  0.33014393475964299
  0.33714645133082211  0.34396849235540011  0.35070882814045357  0.35733157991500014
  0.36382357049703151  0.37026456878739222  0.37667855340368872  0.38304144809143115
  0.38934578182051566  0.39554948804655543  0.40159816011796196  0.40753208614707659
  0.41345796056982631  0.41932714306831348  0.42521381578345196  0.43111086153117734
  0.43691737673128750  0.44260879473901488  0.44816406799624958  0.45369406671267121
  0.45919394586725054  0.46470887511458264  0.47028985425861591  0.47588508968349624
  0.48150465332617876  0.48710892764263303  0.49270293933996473  0.49825904007308952
  0.50386741432220283  0.50941618465224148  0.51495666405559315  0.52048236978532980
  0.52602691755629583  0.53162406551600616  0.53724500141329146  0.54287175888065131
  0.54852105051401934  0.55416889900845800  0.55989002496818874  0.56558617696537861
  0.57127857292600093  0.57696637818834584  0.58272012156423525  0.58853250718017802
  0.59439274739149384  0.60022663155320855  0.60617507450675445  0.61224529092560875
  0.61839052459680255  0.62460918757723782  0.63096659432458568  0.63744318316477899
  0.64398518044614406  0.65070550179106335  0.65756348616849325  0.66457780417419610
  0.67168544253100837  0.67888237806569096  0.68616714534583911  0.69373924258370612
  0.70148215111768308  0.70946290643757670  0.71774979965022068  0.72634837667522445
  0.73533182010815534  0.74476202205819741  0.75451125456012003  0.76472179423236131
  0.77564934749224923  0.78754022295917037  0.80057825299834962  0.81531167349798683
  0.83276492166247928  0.85500261180212933  0.89109706746120121  1.00000000000000000
   2.3691542730902822E-003  -1.0000000000000000     
 F F F F F F F F F F F F F F F F F F F F F F F F F F F F F F F F
  <DiscreteSampler_grid>
  grouped_processes
  1 # 1 for a reference and 2 for a running grid.
  10 # Attribute 'min_bin_probing_points' of the grid.
  1 # Attribute 'grid_mode' of the grid. 1=='default',2=='initialization'
  0.0000000000000000 # Attribute 'small_contrib_threshold' of the grid.
  0.5000000000000000 # Attribute 'damping_power' of the grid.
 # binID   n_entries weight   weight_sqr   abs_weight
    10   10   1.566864846922421E+008   3.733274709809037E+016   1.566864846922421E+008
    16   10   1.566864846922421E+008   3.733274709809037E+016   1.566864846922421E+008
  </DiscreteSampler_grid>
