  0.00000295065954957  0.00000661686079104  0.00001235161357541  0.00001788450038125
  0.00002296209655251  0.00002790179543298  0.00003275401601011  0.00003756697032027
  0.00004239234739087  0.00004723880436105  0.00005209211972589  0.00005699615009382
  0.00006191532077739  0.00006688297909048  0.00007192836148352  0.00007708423538603
  0.00008237521528645  0.00008776828802197  0.00009329069665361  0.00009894591251019
  0.00010468984319173  0.00011053783867766  0.00011652347219987  0.00012263627706203
  0.00012889245044381  0.00013523968915723  0.00014171205047521  0.00014830630100319
  0.00015503390459428  0.00016184031254281  0.00016869359058479  0.00017561256623742
  0.00018261976184397  0.00018977919488326  0.00019718446198228  0.00020516260938404
  0.00021328344106800  0.00022174864654270  0.00023050539887622  0.00023945221974706
  0.00024898110427302  0.00025868946563444  0.00026897810243544  0.00027969958260154
  0.00029074805381455  0.00030225249550840  0.00031414821515143  0.00032653309333821
  0.00033950061856963  0.00035292340156418  0.00036691667155425  0.00038157146350674
  0.00039696572340671  0.00041351796213508  0.00043064207698989  0.00044845601419136
  0.00046719149944548  0.00048672907073040  0.00050789876801696  0.00052955343069906
  0.00055317195745871  0.00057727291984649  0.00060327697691492  0.00063026591637648
  0.00065897290758842  0.00068966956973981  0.00072323292050587  0.00075992860324361
  0.00079993618938735  0.00084381529647637  0.00089185274593111  0.00094549545888409
  0.00100204228013468  0.00106322470116430  0.00112849586337449  0.00119992945170504
  0.00128040697273793  0.00136833246204947  0.00146589415234319  0.00157600614648594
  0.00170468479851260  0.00185163008774685  0.00201974962432068  0.00221188752350334
  0.00242863207109157  0.00268483105434050  0.00300784716072330  0.00340843716783344
  0.00389410585488228  0.00449424658957877  0.00534624831526633  0.00668202115353552
  0.00929969823869964  0.01542335389445198  0.31539875356562364  1.00000000000000000
 -0.00241415665264709  0.00916467713721660  0.01894776366956948  0.02961944917975066
  0.04012971782334857  0.05060990278026342  0.06094903020747621  0.07137988425383335
  0.08188454558207441  0.09223817182929094  0.10255002253890386  0.11320401748899998
  0.12376209093764565  0.13435140947334084  0.14470726962609037  0.15523693509172384
  0.16568367717897239  0.17637566697357601  0.18664062316812907  0.19689104650277772
  0.20715273410742749  0.21767530919464251  0.22850485836108772  0.23896715270145572
  0.24962130483645012  0.26008587417284867  0.27049966032278261  0.28118177384621063
  0.29167794423170140  0.30274797380801216  0.31371297452760261  0.32415610631048813
  0.33445735440768926  0.34463045222525063  0.35527596240951126  0.36587715422840444
  0.37641450007159249  0.38703402694126077  0.39754757613476693  0.40806569449458502
  0.41847483610417913  0.42883007160379505  0.43912693633091859  0.44969084251693164
  0.46039819865122900  0.47071277539187023  0.48119880258785330  0.49166791424713607
  0.50207310053879139  0.51222666548080664  0.52243481308818551  0.53295018072616229
  0.54349978345089678  0.55401278753643113  0.56452401433738708  0.57515186198406532
  0.58579954920654109  0.59655738387638912  0.60743654020590510  0.61862464638774850
  0.62975529691863263  0.64073972190331863  0.65136847683985677  0.66182170238463522
  0.67236493850677503  0.68295572123647785  0.69347043962194899  0.70387909609763155
  0.71443698976497816  0.72510569640955147  0.73567789067813361  0.74640074680580526
  0.75737340644148765  0.76825272886263174  0.77895630637772106  0.78936620837095972
  0.79975069434614954  0.81003768548235966  0.82029828108705694  0.83060097459805593
  0.84097187907380266  0.85138680593242178  0.86174530501024149  0.87226607518031674
  0.88304037915715716  0.89419175846159438  0.90509920557391321  0.91588693297752899
  0.92632797496725783  0.93681537521627734  0.94714007864250438  0.95748488461890513
  0.96787791296447012  0.97841227247903284  0.98925160999373929  1.00000000000000000
 -0.00383976528704539  0.02439643183384174  0.04503675128429603  0.06236959862324649
  0.07792617737409269  0.09230831293909927  0.10583483115852735  0.11848190494317150
  0.13069509046489625  0.14267679759347715  0.15431850747148412  0.16556163088778020
  0.17640833096222960  0.18699939918217059  0.19742063602206392  0.20763736712176864
  0.21762103860849061  0.22746424806754956  0.23717043445327932  0.24667913757057663
  0.25600081951809855  0.26514971588493941  0.27425145377204629  0.28313996394580265
  0.29196420048938321  0.30082262497486922  0.30960765390895084  0.31823841836686989
  0.32675425203910258  0.33521531934004384  0.34375161461587966  0.35225019850233236
  0.36056304957246949  0.36878017574968347  0.37701250168018802  0.38527679828150491
  0.39356055525793265  0.40167805564606118  0.40960682175621166  0.41754430729539566
  0.42529441076606483  0.43308077267411355  0.44088204076886311  0.44883805024944218
  0.45671988806928587  0.46455001617971975  0.47233515859677788  0.48018183120818397
  0.48817212287107875  0.49621059658660166  0.50414617029567488  0.51200009062617768
  0.51973557120821978  0.52747288464292275  0.53527198345993110  0.54311130442050426
  0.55098468313488791  0.55880280872252641  0.56670291651384141  0.57462600891522397
  0.58263542305693905  0.59061495459232105  0.59860990228392086  0.60668039792106765
  0.61486947276189152  0.62313637256022991  0.63133177801615692  0.63943035948783911
  0.64757250027341851  0.65584831301843827  0.66424243063821264  0.67266221749773414
  0.68115966010826989  0.68972560633742486  0.69833590419075087  0.70699646879526545
  0.71605877646474092  0.72539465855002716  0.73504679212282142  0.74481071927040832
  0.75472004578371754  0.76480524824303464  0.77508039838703091  0.78560890118573490
  0.79638027481902007  0.80727700889062493  0.81853069154884239  0.83027874016564851
  0.84271190102999971  0.85587261307864826  0.87017602024509655  0.88583636358968021
  0.90331737841009963  0.92408529018504981  0.95138163816315635  1.00000000000000000
 -0.01903143346740578  0.10900212651104348  0.14481885263747163  0.16680053773299910
  0.18407752130390548  0.19875013429076144  0.21177773398217176  0.22371447992169660
  0.23456285256521717  0.24474606736432911  0.25441184802551003  0.26377612677691453
  0.27285788306897935  0.28153843716665389  0.28991679387341629  0.29792464490519566
  0.30581144764778001  0.31362640667106734  0.32127181562877544  0.32872126656374678
  0.33589468271121348  0.34272475454980461  0.34951316705831587  0.35619659022950095
  0.36284242391749494  0.36936070812515831  0.37571412530704290  0.38191953876403201
  0.38804351800668413  0.39413224315468892  0.40012649544016815  0.40600375179647080
  0.41184289642572580  0.41766357471703780  0.42335352372467605  0.42912575640962031
  0.43486494912217122  0.44060701701461857  0.44629301774075891  0.45193684246705551
  0.45757408477970796  0.46318106682835608  0.46877691823749490  0.47435949017978635
  0.47988509923068062  0.48537938361586375  0.49086780348823933  0.49638553800987018
  0.50190778088736343  0.50741509219270220  0.51283433642210841  0.51822719536417194
  0.52362716748098403  0.52903849047173035  0.53451199308957154  0.54004296447256717
  0.54567684910996073  0.55138650791505228  0.55709665902955618  0.56287419472995925
  0.56872301229914979  0.57461388914670086  0.58044100892638373  0.58624074641416568
  0.59212621309526037  0.59808460443335509  0.60415449158562506  0.61025563943868322
  0.61639738020538926  0.62262738483823421  0.62897413968712279  0.63540473684419596
  0.64186891430921911  0.64848710012973920  0.65538036400889077  0.66247084566965164
  0.66972547377470149  0.67710010674376764  0.68451340193451726  0.69217225093008528
  0.70008892927920019  0.70819266377350143  0.71642284804563106  0.72483267655241457
  0.73368312416692105  0.74315697639220524  0.75314466346713427  0.76380788449572301
  0.77509591380385978  0.78717484269932569  0.80039384200920771  0.81531572751222670
  0.83274186934471472  0.85475997062591813  0.89023835478589441  1.00000000000000000
   2.3449084387343012E-003  -1.0000000000000000     
 F F F F F F F F F F F F F F F F F F F F F F F F F F F F F F F F
  <DiscreteSampler_grid>
  grouped_processes
  1 # 1 for a reference and 2 for a running grid.
  10 # Attribute 'min_bin_probing_points' of the grid.
  1 # Attribute 'grid_mode' of the grid. 1=='default',2=='initialization'
  0.0000000000000000 # Attribute 'small_contrib_threshold' of the grid.
  0.5000000000000000 # Attribute 'damping_power' of the grid.
 # binID   n_entries weight   weight_sqr   abs_weight
    10   10   9.942716283881369E+008   5.769757150088691E+018   9.942716283881369E+008
    16   10   9.942716283881371E+008   5.769757150088691E+018   9.942716283881371E+008
  </DiscreteSampler_grid>
