 -0.00222242690333953  0.00794207102432099  0.01667560843909422  0.02559599229913769
  0.03463659348349519  0.04380937091722396  0.05313106159288962  0.06249586823850294
  0.07203091977275883  0.08176645761283297  0.09165944062645018  0.10163457896202645
  0.11147892085503505  0.12129513587106536  0.13122447608366830  0.14141043813407841
  0.15173501404501072  0.16205647183754518  0.17229209697138417  0.18259273455310659
  0.19301956892366290  0.20361135605465897  0.21432572188278010  0.22524819751449707
  0.23622862083763740  0.24716143212946842  0.25808939608449738  0.26919629766713227
  0.28026721757815048  0.29133134989045495  0.30239274311892111  0.31345535080049702
  0.32432460300442467  0.33516547863798835  0.34615441915064860  0.35738815950230868
  0.36877611792001097  0.37997255267010582  0.39091404209620600  0.40184192343024877
  0.41286063181073052  0.42373299337361242  0.43463753859103293  0.44585258854803106
  0.45727628172748241  0.46889147057966446  0.48032518345322273  0.49192816752485174
  0.50372506227272218  0.51579470040970765  0.52739979283486815  0.53860314272718590
  0.54984830240284921  0.56128799352161640  0.57291498585729717  0.58459750618813511
  0.59618714971424613  0.60767809235802162  0.61875379830606825  0.62992617456260058
  0.64091064799791253  0.65206286092482657  0.66344593801612062  0.67511472786153337
  0.68689690076550691  0.69846874346946575  0.70989211568799926  0.72118796902139415
  0.73214684286726006  0.74269855613040359  0.75338711747467269  0.76413758765024142
  0.77470128978286534  0.78497245191377429  0.79527107575936518  0.80580553271524336
  0.81626617688993697  0.82654850125174417  0.83681478878456028  0.84710413349149849
  0.85741294794855372  0.86761006990256584  0.87754886287140610  0.88732771250320164
  0.89699609450528761  0.90669181554647660  0.91651444434472906  0.92630855500062992
  0.93597826478643487  0.94545091197964859  0.95486331823152581  0.96418207490634966
  0.97346412696103291  0.98251422702738767  0.99128501185313955  1.00000000000000000
 -0.00258861963921190  0.00967430145377743  0.02003210021776957  0.03075909785633779
  0.04154228184672572  0.05234209123549295  0.06301449032088959  0.07359811872087693
  0.08422564304594965  0.09474132104546805  0.10532861194689067  0.11564615299240878
  0.12602914569218149  0.13640874018632712  0.14697631381125831  0.15738218219097161
  0.16762169514373618  0.17795888027918275  0.18860174927975154  0.19951265867049700
  0.21036431797879662  0.22103706437241480  0.23163898612416389  0.24238475931460185
  0.25311507719989429  0.26378126009903757  0.27422115348385595  0.28473701018113357
  0.29523111207409075  0.30571979737717370  0.31611542023136696  0.32654407616368791
  0.33701148330591923  0.34768066025079225  0.35838997025404334  0.36914004327997346
  0.37965867073158155  0.39005923142752952  0.40028438741841899  0.41053409260280865
  0.42091522184803015  0.43143956178909676  0.44197479603342149  0.45236445266548225
  0.46257704359290558  0.47270472095561822  0.48295759230657859  0.49332873078895012
  0.50383821841424070  0.51433832877400021  0.52464769445756343  0.53504778291222788
  0.54563766028875427  0.55660207981176291  0.56754536623148932  0.57838892585162160
  0.58928054144531783  0.60006654650468849  0.61079154954883785  0.62144999477303353
  0.63211851843951838  0.64272223004440066  0.65305457138735101  0.66329970008126315
  0.67347086819886925  0.68357109512775660  0.69367588247802936  0.70391171842457567
  0.71444042771637806  0.72509296710865068  0.73562179517349013  0.74616202711604596
  0.75703405904390175  0.76804456519424391  0.77883365384873982  0.78919637868452819
  0.79946578162212145  0.80988215322458046  0.82031822910542529  0.83088568530305362
  0.84163471987003524  0.85246136581853815  0.86330055708230147  0.87398810484366063
  0.88461921324474491  0.89530160694729022  0.90565544439976198  0.91617123188792282
  0.92647926981327344  0.93677586223908582  0.94727544004455189  0.95770510005598686
  0.96822738415719545  0.97870124613913656  0.98937656539840924  1.00000000000000000
 -0.00277930717777391  0.01692824248970278  0.03178524962467893  0.04462966357424124
  0.05635126267160458  0.06730853379110517  0.07772362572796145  0.08778900402007245
  0.09759739908200288  0.10718156375611254  0.11657044886019514  0.12585540859778341
  0.13506076941415163  0.14414132728292725  0.15307869092610846  0.16182067646495088
  0.17041447203148813  0.17880609721460725  0.18723786777250037  0.19533293506815738
  0.20358093816487380  0.21167581331023519  0.21985546770239422  0.22786319498260479
  0.23570318065815757  0.24338541601609048  0.25114798664060051  0.25904237664981367
  0.26697833009000860  0.27488828111348462  0.28275689383732222  0.29056841196244659
  0.29834033028689777  0.30613852797992619  0.31389371664214710  0.32151196386605535
  0.32920103543543133  0.33690918649548612  0.34473764755667430  0.35271516988845497
  0.36085444902176733  0.36907349422104380  0.37716127247297737  0.38500099142257471
  0.39293832684685887  0.40095658798518730  0.40910074376201772  0.41718546227434677
  0.42515383164733123  0.43310688789946128  0.44123056509431074  0.44956736639092304
  0.45791514948725465  0.46618252069789479  0.47440857043925594  0.48263281020213417
  0.49086087237595516  0.49916645169831680  0.50760920389442676  0.51605230264372226
  0.52456792218260273  0.53314571216322493  0.54171934984249370  0.55044905069771977
  0.55920866890782095  0.56812050069761444  0.57720071299358677  0.58636485739599031
  0.59563113487134522  0.60496670642456096  0.61458294822753223  0.62432607952497432
  0.63412856821649566  0.64392404860551677  0.65393069903635570  0.66416555105741493
  0.67448380994947221  0.68494809252477040  0.69567531467878174  0.70651566630148122
  0.71796274554886308  0.72964441213065845  0.74180657873633482  0.75398554819595853
  0.76661247077545147  0.77961513084124712  0.79315784674337442  0.80731454047088491
  0.82214590532134557  0.83765450725327595  0.85395561560326627  0.87131998044786763
  0.89091047314290428  0.91474103960432696  0.94642129340113346  1.00000000000000000
 -0.02000305711853681  0.13126989967160879  0.17949766436017869  0.21016933847843625
  0.23507506137082571  0.25622626429328382  0.27484917262438907  0.29158988849042217
  0.30702568887946713  0.32147667512531541  0.33503937823141999  0.34776538777661564
  0.35970693010689725  0.37117297809799699  0.38223928556200060  0.39294185043792268
  0.40319165393998763  0.41306278048832101  0.42258716474196495  0.43190749729632422
  0.44096599820712179  0.44969598141514067  0.45821911338415217  0.46650435921367817
  0.47466363605502215  0.48265311062868266  0.49044684509122899  0.49808857157218744
  0.50550659649019769  0.51274604666469437  0.51993883941594743  0.52698713292129185
  0.53396007551570601  0.54086691349843519  0.54754858271719331  0.55419034238672571
  0.56076220968165014  0.56718485036279054  0.57348546270860212  0.57969126698127993
  0.58578268744972184  0.59173877577676781  0.59759885046892969  0.60340805543022002
  0.60914058006896565  0.61481233762330545  0.62049328589190822  0.62616771036592089
  0.63179027376226871  0.63737311461276269  0.64284111498836072  0.64831988654025874
  0.65380233011920263  0.65925793076703909  0.66466381007187747  0.67002111292190103
  0.67532966170470199  0.68060355843935438  0.68591628525025539  0.69121558397954330
  0.69653019063245869  0.70182713329446811  0.70707304545330640  0.71226601991636873
  0.71741819581501909  0.72258484378684307  0.72777235992622691  0.73295132191659118
  0.73812932166405065  0.74329706134463680  0.74849872416572094  0.75375556814745504
  0.75909557873425693  0.76448987847476768  0.76998207668000285  0.77556379033920542
  0.78116982632472354  0.78678332707562659  0.79248485602899754  0.79835975667211823
  0.80437168124136615  0.81046207611541798  0.81669433467762798  0.82306471699681427
  0.82965474081698409  0.83658251024881614  0.84383890105957648  0.85138819717983061
  0.85938541392209566  0.86801901817266414  0.87741737113700036  0.88838282627819720
  0.90101992940421649  0.91743944643690989  0.94220840382012039  1.00000000000000000
   4.6059597782667602E-004  -1.0000000000000000     
 F F F F F F F F F F F F F F F F F F F F F F F F F F F F F F F F
  <DiscreteSampler_grid>
  grouped_processes
  1 # 1 for a reference and 2 for a running grid.
  10 # Attribute 'min_bin_probing_points' of the grid.
  1 # Attribute 'grid_mode' of the grid. 1=='default',2=='initialization'
  0.0000000000000000 # Attribute 'small_contrib_threshold' of the grid.
  0.5000000000000000 # Attribute 'damping_power' of the grid.
 # binID   n_entries weight   weight_sqr   abs_weight
    10   10   3.043844568920273E+008   9.559960982744782E+016   3.043844568920273E+008
    11   10   3.043844568920272E+008   9.559960982744782E+016   3.043844568920272E+008
  </DiscreteSampler_grid>
