  0.00000169258630597  0.00000499752665637  0.00001185993516078  0.00001723563637234
  0.00002222091249784  0.00002703834737656  0.00003175717502410  0.00003636454832419
  0.00004100894055287  0.00004567337758707  0.00005037299598217  0.00005510275826171
  0.00005987766340814  0.00006472969366447  0.00006966536382083  0.00007467042084734
  0.00007978603179885  0.00008499375946999  0.00009034539650823  0.00009593070084731
  0.00010171067893027  0.00010757885826160  0.00011354198869304  0.00011968909288286
  0.00012599978040409  0.00013241047938799  0.00013895524370433  0.00014562071977305
  0.00015244411996883  0.00015928447913912  0.00016610743947937  0.00017303287364405
  0.00018012004389805  0.00018737275655518  0.00019481454769244  0.00020259926931250
  0.00021057647345529  0.00021883470543844  0.00022740281491271  0.00023616279215611
  0.00024532411586522  0.00025493381510630  0.00026491013289207  0.00027530271450536
  0.00028610610983815  0.00029722176325605  0.00030903624979441  0.00032138294293939
  0.00033429743499548  0.00034779796021516  0.00036190505180096  0.00037683523003509
  0.00039252096612748  0.00040889085528836  0.00042600415772763  0.00044383988157745
  0.00046255021676356  0.00048204661120844  0.00050259768471067  0.00052447828575905
  0.00054747051195732  0.00057174171948206  0.00059743199700092  0.00062532959468748
  0.00065474529186255  0.00068593603988616  0.00071887827762771  0.00075469887084710
  0.00079236970818975  0.00083320078656569  0.00087693389099359  0.00092659164763074
  0.00098146204642931  0.00104104919102899  0.00110801400094831  0.00118121430326940
  0.00126398324443559  0.00135706394842711  0.00146312605471012  0.00158456185758345
  0.00172662813564925  0.00188659559979642  0.00206812211276268  0.00227717480247942
  0.00252473964042225  0.00281732107053123  0.00318053274152417  0.00364710907589492
  0.00426193290323927  0.00508558287832133  0.00626197131887756  0.00808263808372984
  0.01141108952907817  0.01977843040797765  0.08058537079313516  1.00000000000000000
 -0.00285664097873935  0.01027330309906862  0.02120019965949205  0.03223831495020373
  0.04323074008481607  0.05403078599890213  0.06481211622255269  0.07558437789174316
  0.08629541807149183  0.09676844152982692  0.10711666067219958  0.11740242665928489
  0.12780542203993944  0.13841286749476076  0.14912344622043314  0.15999565910200395
  0.17062651611995366  0.18110161650716319  0.19148185928781677  0.20168117671436508
  0.21207852474576225  0.22220497982016324  0.23224694906132243  0.24244010638323515
  0.25271564065456842  0.26352832090761180  0.27425645173433943  0.28503824060865968
  0.29567287108824464  0.30637284071732318  0.31711396474719244  0.32795397983033120
  0.33883557442448403  0.34981128050408822  0.36040713810001096  0.37090125490196185
  0.38124723259427390  0.39176812467934541  0.40225749305806313  0.41290292956212415
  0.42334610858463512  0.43393903203380241  0.44441723453620957  0.45502422995384662
  0.46558024626692007  0.47617558071209842  0.48679550498400670  0.49743057092432358
  0.50815871109972077  0.51894268916936936  0.52957177256427845  0.53997219561930021
  0.55050090447370237  0.56098281707947772  0.57154023674935739  0.58199342519598829
  0.59241967121711758  0.60313148960855945  0.61376447176442017  0.62435857366726233
  0.63468680104255848  0.64502312537957374  0.65522248022662055  0.66535375451734990
  0.67574592523785648  0.68596764445203517  0.69638364512253470  0.70647508459036878
  0.71709059793547236  0.72769695186856553  0.73869326013354664  0.74987006506416087
  0.76083081457433765  0.77156199680146409  0.78202617740287284  0.79233306611687304
  0.80277053400874598  0.81320121715561045  0.82391606209261348  0.83443863046113453
  0.84497888532526877  0.85537435497507919  0.86557106238856896  0.87596691809427019
  0.88650988182982915  0.89694227132111892  0.90687621590480993  0.91667062936139254
  0.92694219321361027  0.93756643745507162  0.94826922908609801  0.95882933739790943
  0.96919321726630125  0.97950978085668461  0.98971966072717243  1.00000000000000000
 -0.00385793712122734  0.02438336901903511  0.04513565116446716  0.06260533919208859
  0.07844296922640259  0.09298038612660303  0.10656542358691014  0.11954626025093780
  0.13193317854212067  0.14380831786350115  0.15524645198303316  0.16627566647385106
  0.17693653101938708  0.18742034860418208  0.19785879701205233  0.20822383986511911
  0.21834788598454516  0.22826863186807139  0.23800800399482211  0.24761642409118481
  0.25703619323293048  0.26629496974112948  0.27536333522189943  0.28431880866560511
  0.29311119025853161  0.30182717097941708  0.31055423732212811  0.31942319112982209
  0.32825819227700748  0.33692714778067206  0.34551127856296371  0.35404938100876010
  0.36254554077145340  0.37099149949190047  0.37930097730046253  0.38742065997303338
  0.39537646827099560  0.40316886457694040  0.41091504900611708  0.41879705612431256
  0.42673890889554156  0.43464767440295560  0.44251728477388558  0.45043390215299894
  0.45826049396588148  0.46602432500245294  0.47378440921247106  0.48162691136430147
  0.48951827337536064  0.49740646513264991  0.50524457666996192  0.51301068968286467
  0.52076830131043139  0.52857007537106815  0.53647009833890491  0.54441688591868853
  0.55222146634798974  0.56001706431317744  0.56773474347435260  0.57557572299061177
  0.58347555734338374  0.59145740065104779  0.59937150034551634  0.60726168076792830
  0.61510278649912753  0.62290116349424507  0.63069214570319720  0.63846842629747413
  0.64648347302370657  0.65486360453738401  0.66322461039045466  0.67177467353777343
  0.68037811132200487  0.68905606339012360  0.69772863068094815  0.70649210722747446
  0.71542923696324356  0.72452181076119326  0.73379591004982314  0.74323402663667060
  0.75305817830917587  0.76328205293722284  0.77376074527067962  0.78442141893899664
  0.79528100761825193  0.80644921380557910  0.81805472065720208  0.82990747028878442
  0.84221245574835035  0.85515967140793703  0.86932018560561120  0.88511840170084766
  0.90262175293485669  0.92326115592042735  0.95128182737973765  1.00000000000000000
 -0.01867460466054965  0.10935526883308574  0.14567525173756005  0.16784992636493004
  0.18517483330213247  0.20018135120959221  0.21348697295645738  0.22556051300819255
  0.23666364084542374  0.24706482946641262  0.25679854099602256  0.26601693895341733
  0.27481855253198950  0.28328959949984578  0.29149800461484948  0.29948042364346711
  0.30723358294179071  0.31482384523307300  0.32219407812790823  0.32941173846438171
  0.33650540431654447  0.34343661086200944  0.35031681118560509  0.35713538189122146
  0.36382594689739617  0.37043402882126836  0.37685266910995729  0.38313361391421824
  0.38938655274100709  0.39560519125297605  0.40167174124081984  0.40763493434833753
  0.41352127144060541  0.41932420674219656  0.42509576653099657  0.43088064675232818
  0.43667087843205116  0.44241157262156838  0.44810216549779575  0.45376672878285179
  0.45940024484750885  0.46499506731341395  0.47057039042244375  0.47611725531523247
  0.48152194933226872  0.48682023631576304  0.49218586220793881  0.49758776017511203
  0.50300747269447932  0.50840938511110922  0.51378994637859687  0.51922167225046501
  0.52476042882299900  0.53034982993915825  0.53590881884697683  0.54146689595998820
  0.54710569071870407  0.55279090120735552  0.55851626628907092  0.56427122457728918
  0.57005537882596158  0.57589944945337346  0.58176692418884879  0.58762211055413949
  0.59352871475724023  0.59944282501918678  0.60541297461956955  0.61147263173541055
  0.61761872204157364  0.62387548537706083  0.63023787962960398  0.63667082525632901
  0.64314790312987258  0.64971341905125757  0.65644118493916892  0.66323194305431166
  0.67027466382399337  0.67751029458693512  0.68483199002205064  0.69244572306962482
  0.70022575244086527  0.70818446498871690  0.71640105416543853  0.72480837876812965
  0.73363797759094362  0.74282940132550013  0.75261220246431537  0.76306958857777929
  0.77425616271520425  0.78628070012218343  0.79944964855254819  0.81427234046141694
  0.83163894012533857  0.85419353818672938  0.89017784659814581  1.00000000000000000
   2.3636872714236476E-003  -1.0000000000000000     
 F F F F F F F F F F F F F F F F F F F F F F F F F F F F F F F F
  <DiscreteSampler_grid>
  grouped_processes
  1 # 1 for a reference and 2 for a running grid.
  10 # Attribute 'min_bin_probing_points' of the grid.
  1 # Attribute 'grid_mode' of the grid. 1=='default',2=='initialization'
  0.0000000000000000 # Attribute 'small_contrib_threshold' of the grid.
  0.5000000000000000 # Attribute 'damping_power' of the grid.
 # binID   n_entries weight   weight_sqr   abs_weight
    10   10   2.193419499097383E+008   1.044724621785010E+017   2.193419499097383E+008
    16   10   2.193419499097383E+008   1.044724621785009E+017   2.193419499097383E+008
  </DiscreteSampler_grid>
