 -0.00219568406242426  0.00817915182431649  0.01717659421374937  0.02629082120523364
  0.03553339856041754  0.04478236624039074  0.05412494027525028  0.06369491214462863
  0.07348590424507466  0.08330553684167452  0.09299661510070503  0.10268077770508220
  0.11252784563315454  0.12253875579011582  0.13276641343578108  0.14312889339999654
  0.15370382174562580  0.16439218476409750  0.17504861567074090  0.18570651025265442
  0.19634066259226315  0.20695801630093713  0.21751494744926123  0.22805913392805993
  0.23866982173449269  0.24937260663715946  0.26015522626183768  0.27098542915579382
  0.28190613711293894  0.29292365032942841  0.30389760347982192  0.31492383705345128
  0.32591375836251080  0.33706398789067460  0.34825101622429872  0.35953929981196620
  0.37104457459314444  0.38245072951981551  0.39376872616827829  0.40494511568131808
  0.41601559278063949  0.42730985520324521  0.43861893890068587  0.45010507911403824
  0.46139747749659349  0.47260483399116054  0.48393181186034523  0.49564392354760828
  0.50733490180564988  0.51892388750645446  0.53048882007759590  0.54210332194299493
  0.55350141550053544  0.56481267408684077  0.57610452999549022  0.58748576476140246
  0.59875812797186323  0.60993758410452292  0.62100171203843268  0.63208420931567100
  0.64326959032479258  0.65438864445776102  0.66546348449258219  0.67653510801442407
  0.68770463062496623  0.69875118943653125  0.70961024337614653  0.72029711846892075
  0.73089114555526880  0.74152498083485718  0.75230001358045195  0.76317578788267737
  0.77384348708853579  0.78426240799104918  0.79460812587031937  0.80489828739607272
  0.81520333043836557  0.82537024336042686  0.83550404302544834  0.84567508393299851
  0.85576759024611326  0.86584278513015156  0.87593791402362597  0.88602661024939067
  0.89622297483592195  0.90621910672547845  0.91624212797233273  0.92607641209022984
  0.93583412069288430  0.94536241202355309  0.95477745440643824  0.96404321867030407
  0.97308971084208418  0.98227724670264371  0.99109504525279601  1.00000000000000000
 -0.00227073567054093  0.00907706914837967  0.01896582136340187  0.02910322038995516
  0.03962165725455447  0.05010311101520080  0.06052874913970106  0.07087311229296399
  0.08118980314700883  0.09162456198304172  0.10201607506840972  0.11251054631065431
  0.12313501502946747  0.13357151494820210  0.14411922091866874  0.15460298406011666
  0.16534986741793900  0.17590665934450248  0.18648603956161250  0.19706050012086401
  0.20758807867125872  0.21791183239188983  0.22839085112040483  0.23887743763604988
  0.24968119092076024  0.26018174601447996  0.27051109946602708  0.28045369487621846
  0.29049479226868846  0.30099955634159004  0.31147965831208685  0.32190361855011562
  0.33251502300634556  0.34335851704344789  0.35425140615973960  0.36504916201928250
  0.37591514234891099  0.38677547931045003  0.39755379521701684  0.40853009974389132
  0.41938448511964127  0.42999696791522524  0.44031181004460362  0.45072257394750848
  0.46122042822828258  0.47180863702213005  0.48249427911707676  0.49292120511114396
  0.50333115814046980  0.51361056502970770  0.52388757301401223  0.53437920263189276
  0.54510084305042650  0.55619891740692640  0.56710561524561642  0.57800649147540184
  0.58866667073271484  0.59937881787498903  0.60986764957431960  0.62045800936905560
  0.63104893334293644  0.64163199343449950  0.65203623519110587  0.66244770185640323
  0.67298007623930400  0.68353539946717989  0.69394844242218612  0.70435937868866405
  0.71479201804207793  0.72538281396763638  0.73595184961021221  0.74658036446357634
  0.75723714681984144  0.76819181383128954  0.77910194273536459  0.78999988352347639
  0.80087354302981240  0.81179354118354285  0.82235913158824059  0.83305018725666180
  0.84387356841569783  0.85456428664561912  0.86489872392992917  0.87545261627177928
  0.88618009820278942  0.89678340388498723  0.90721096452757377  0.91753950650966443
  0.92768995279391475  0.93784618972378042  0.94834753580842934  0.95901883575056623
  0.96931103031127397  0.97951711317738954  0.98967433990620812  1.00000000000000000
 -0.00243819569580087  0.01686734121982074  0.03175631455541665  0.04462260436585964
  0.05618398199814051  0.06698899432060321  0.07728788581716099  0.08719526266260696
  0.09678770989640684  0.10614942188305308  0.11528559919524793  0.12423934382626774
  0.13312191980975174  0.14193866556505078  0.15059355727751622  0.15903717424499592
  0.16741237340589998  0.17571547439504528  0.18387545390125140  0.19201393773729891
  0.20005672758979531  0.20813808282887206  0.21636524182365879  0.22460731245066234
  0.23276576979994926  0.24084623479178105  0.24881623137723413  0.25670631500051999
  0.26455637529089826  0.27240623513029649  0.28017252612357629  0.28792314771193611
  0.29571313468257310  0.30355959581849373  0.31139923435374989  0.31920139110112239
  0.32697612407552784  0.33475702244062661  0.34263253812264444  0.35055738922950375
  0.35845848223563292  0.36637972284328169  0.37427226333467017  0.38227914367348875
  0.39040866843012406  0.39854493014928649  0.40665197465021274  0.41470804601093825
  0.42289385801728546  0.43116385398117030  0.43955793038069968  0.44801887493738873
  0.45652154032564501  0.46501448874563878  0.47347265484693579  0.48191956543484399
  0.49034724962387655  0.49878880947675319  0.50727771158143853  0.51573588464658338
  0.52429768451510061  0.53300203138780944  0.54168693744968521  0.55048569874950293
  0.55947234467305273  0.56875704309637320  0.57833156522911811  0.58780434967820627
  0.59736407438760031  0.60679166639066207  0.61625398103704399  0.62587057854625616
  0.63538362179531538  0.64495833434665872  0.65452033017081290  0.66428052990418540
  0.67446922501394191  0.68489324553304198  0.69566868420192840  0.70664059611864016
  0.71794730754387026  0.72937526898874738  0.74102675951242869  0.75312093926115165
  0.76576540014173988  0.77896677520179691  0.79250454491993394  0.80652499586335935
  0.82125780612509303  0.83685941280754295  0.85339295071655130  0.87126403559118071
  0.89129057681800616  0.91482222609397668  0.94629596229568191  1.00000000000000000
 -0.02039594825898003  0.13176850697092923  0.17963207855249136  0.21094184905119057
  0.23591724497685945  0.25684883011064980  0.27549287940901307  0.29236452562706050
  0.30775157738440495  0.32200112150893756  0.33533582444340926  0.34794013581255329
  0.36006129318860153  0.37171114334963684  0.38272511421016414  0.39329453234735945
  0.40344010584333684  0.41326300893531925  0.42280111074937071  0.43212720256340614
  0.44120222788873942  0.45002326789931396  0.45860884840614896  0.46692112123632812
  0.47505591061697627  0.48302388426241549  0.49079918672419448  0.49841173887125328
  0.50581852071746114  0.51305902350130483  0.52026610109854576  0.52733192974505239
  0.53429173275750008  0.54113613442270703  0.54770493985907676  0.55422863804714884
  0.56070899798228357  0.56709854205584787  0.57339049140542786  0.57957046569216353
  0.58562615505501003  0.59155802003066116  0.59744166579250424  0.60329334808422008
  0.60910319839277027  0.61488706288704054  0.62063307158144099  0.62632642598456822
  0.63193135252335975  0.63746832462809377  0.64300013172278825  0.64851141875266638
  0.65403788839991439  0.65952737099424530  0.66494719288946313  0.67028190523283449
  0.67554336850903940  0.68076818785322912  0.68598340192559093  0.69118822459306928
  0.69639988611453574  0.70156553322268900  0.70674258491307707  0.71194818783618230
  0.71718722428656512  0.72247128658703264  0.72773231243261838  0.73295939245384556
  0.73819590616225805  0.74345465518045395  0.74874811332102420  0.75405986091662158
  0.75939201189103800  0.76475179467480447  0.77016757160962857  0.77565421801721113
  0.78120569856244926  0.78676524807844095  0.79238704104103119  0.79815334361236046
  0.80405739336479587  0.81014605195866207  0.81644068400581105  0.82293438569264843
  0.82951152389467453  0.83636517041201641  0.84363605570889411  0.85117268555795045
  0.85933933181642375  0.86807817079948801  0.87745353205339172  0.88840838588750815
  0.90116771306488008  0.91772270401887102  0.94253166094926477  1.00000000000000000
   4.5955323960263311E-004  -1.0000000000000000     
 F F F F F F F F F F F F F F F F F F F F F F F F F F F F F F F F
  <DiscreteSampler_grid>
  grouped_processes
  1 # 1 for a reference and 2 for a running grid.
  10 # Attribute 'min_bin_probing_points' of the grid.
  1 # Attribute 'grid_mode' of the grid. 1=='default',2=='initialization'
  0.0000000000000000 # Attribute 'small_contrib_threshold' of the grid.
  0.5000000000000000 # Attribute 'damping_power' of the grid.
 # binID   n_entries weight   weight_sqr   abs_weight
    10   10   2.923656524743091E+008   8.978925700561106E+016   2.923656524743091E+008
    11   10   2.923656524743091E+008   8.978925700561106E+016   2.923656524743091E+008
  </DiscreteSampler_grid>
