  0.00000372530279285  0.00000667463549445  0.00001210197892137  0.00001737886102344
  0.00002214136571617  0.00002671951377848  0.00003127390120738  0.00003587915947147
  0.00004054880086428  0.00004532522116792  0.00005018767160392  0.00005508804501320
  0.00006000350658418  0.00006493123730830  0.00006988846154969  0.00007491291167940
  0.00008006508932974  0.00008534417374813  0.00009075913155557  0.00009634627284038
  0.00010211478718861  0.00010804493606050  0.00011414089272934  0.00012036449208789
  0.00012673517713052  0.00013315255209403  0.00013966554721186  0.00014630980144204
  0.00015308691182241  0.00015994191983276  0.00016679739472778  0.00017367901948206
  0.00018071710291313  0.00018790223674360  0.00019532901539655  0.00020319649677594
  0.00021145050018227  0.00021986525870454  0.00022881766810644  0.00023775939912534
  0.00024719774004449  0.00025678389085240  0.00026669879410599  0.00027708175464771
  0.00028779474169056  0.00029907429293749  0.00031080399869093  0.00032301731656475
  0.00033602938835722  0.00034974157260063  0.00036416076989300  0.00037924401055318
  0.00039500264511109  0.00041165886582075  0.00042925492036297  0.00044791845816982
  0.00046764352419244  0.00048859537758807  0.00051059006428562  0.00053343754697863
  0.00055727152107995  0.00058199956601717  0.00060876363563944  0.00063720170680547
  0.00066724394296631  0.00069910950608026  0.00073389541098890  0.00077189277160183
  0.00081316408090385  0.00085746086196850  0.00090465808645451  0.00095689316788269
  0.00101279706629816  0.00107469849859206  0.00114147664248016  0.00121486984906638
  0.00129669767852749  0.00138894385573056  0.00149492913991112  0.00161263420162272
  0.00174753847425098  0.00190033871501070  0.00208152773476541  0.00229225408737085
  0.00252581534332550  0.00279910249324144  0.00314768558191612  0.00360602767026193
  0.00424458694615714  0.00505864211256838  0.00614341087389408  0.00756245143345958
  0.00980990854719518  0.01736789699840196  0.18828428469682607  1.00000000000000000
 -0.00243657376991099  0.00931025183702357  0.01936456064284345  0.02965911025136683
  0.03997536010935598  0.05042432028051778  0.06092858063660638  0.07157559852953935
  0.08221274005351124  0.09287849945481688  0.10364666319665022  0.11413161610928611
  0.12445272343887737  0.13494366987671397  0.14533549914518226  0.15590936170311237
  0.16638890381099447  0.17699790780243035  0.18777150313701504  0.19849147411640866
  0.20935651416098219  0.22018995638838951  0.23087860762025800  0.24140587095825256
  0.25195184711142316  0.26250040379220435  0.27324014092400201  0.28383327270113756
  0.29446135759413505  0.30493730731102697  0.31535614705424431  0.32587128022589074
  0.33646472489618157  0.34706288672648977  0.35777667363924343  0.36853842297256428
  0.37923977420211225  0.38964807025039966  0.39991541536361525  0.41016406186543169
  0.42056691618502162  0.43093069962412339  0.44126881063860413  0.45157189873649861
  0.46210174511889052  0.47289982045602952  0.48362142755682314  0.49416884478291911
  0.50469069803879030  0.51536419546269585  0.52596052076764321  0.53642434473431566
  0.54679526394947664  0.55716343346711805  0.56746055644383064  0.57777583488588302
  0.58801900433869669  0.59835716429967656  0.60871883083504008  0.61917083253339522
  0.62959847819809622  0.63996570694951382  0.65050475588267487  0.66105286174408739
  0.67180514765973753  0.68261059086861631  0.69332936827075020  0.70396973671311358
  0.71470492001093211  0.72556372522589685  0.73601692231971938  0.74650433924559212
  0.75711155149098197  0.76778889912377324  0.77834426389995104  0.78886174695726186
  0.79956797141489744  0.81028537131082301  0.82054960329193949  0.83098216881262321
  0.84126075713869430  0.85162814752289195  0.86189973394217190  0.87223538009861723
  0.88265628350308645  0.89308287661483265  0.90342319888925326  0.91396339867366272
  0.92466388092176865  0.93556329517622838  0.94643741661710623  0.95712127731641183
  0.96798535034823774  0.97865741038353227  0.98934879190316405  1.00000000000000000
 -0.00392767530664899  0.02426272027804469  0.04489479106434093  0.06233037665794271
  0.07816707773897007  0.09275970641438552  0.10641196677471106  0.11932883611772716
  0.13155047512180437  0.14325713694106920  0.15464800155294336  0.16577814653159084
  0.17683821104256955  0.18759040169338709  0.19803926150294149  0.20817573282550514
  0.21807061280802531  0.22781595719036435  0.23735882997462809  0.24688744513614586
  0.25621639684397923  0.26542126362243479  0.27430430066803130  0.28295985241765331
  0.29165366678192084  0.30033831153492302  0.30905851782785637  0.31766517250861542
  0.32611971761386610  0.33446494781494335  0.34305518061015844  0.35150983167258065
  0.35993543065652056  0.36822850379384270  0.37642422961507777  0.38454108642841461
  0.39255139084095664  0.40041460864836803  0.40811511298136666  0.41579806849723133
  0.42348509473409163  0.43115759726251135  0.43888928214345180  0.44672152922405123
  0.45462280435665897  0.46256888915928523  0.47073870945541674  0.47876294616640680
  0.48679149645756453  0.49473552393336240  0.50265708231184258  0.51063822406670167
  0.51862828325995358  0.52659986505289458  0.53452921706467083  0.54243853729468194
  0.55032837335754325  0.55819232589762502  0.56603586276090911  0.57381683697665808
  0.58153137376665498  0.58927011896669934  0.59707311660543694  0.60504143969935176
  0.61318957119129425  0.62151285842027015  0.62988284294051045  0.63828910023602281
  0.64665113329429935  0.65498000468104367  0.66340466786412766  0.67189735560752917
  0.68043104194443205  0.68897350166928628  0.69768629169459662  0.70645020522277879
  0.71557329553352211  0.72484001070361004  0.73428943037204808  0.74391189269710822
  0.75367180882773177  0.76350910311701192  0.77351963040761074  0.78371825980452048
  0.79434163189221429  0.80525647953626189  0.81674370872901481  0.82893613947146427
  0.84213326982340653  0.85575116240694915  0.86984990296075770  0.88524239206851052
  0.90260376042933654  0.92313404934064680  0.95088059062066721  1.00000000000000000
 -0.01887649830924551  0.10915742578240097  0.14511508227033548  0.16715199816641049
  0.18441310673974234  0.19932567970591841  0.21256206309848907  0.22465672993453023
  0.23570545633521489  0.24598710997786322  0.25557538590680406  0.26476605867869435
  0.27364752130340336  0.28230550171426072  0.29075400797277839  0.29889683798034650
  0.30679797222839644  0.31443077527864138  0.32178350637418979  0.32890925018911593
  0.33584602440748440  0.34260927030618915  0.34931926241571859  0.35593335723641523
  0.36245690939196668  0.36896305394403739  0.37541105819489318  0.38172975969635348
  0.38792766695640779  0.39400979495873162  0.39994956294691375  0.40578599158418066
  0.41168695365076480  0.41758368367643606  0.42356212199842058  0.42943225733774387
  0.43521912124568218  0.44083747728403377  0.44638222377891285  0.45194810848320616
  0.45753254739074178  0.46314902451006235  0.46877118515721522  0.47437721936624916
  0.47997763585486120  0.48550735652264110  0.49101391862922983  0.49650400146688128
  0.50194919577808350  0.50735195873497707  0.51278955845139074  0.51819394795306906
  0.52366607771405926  0.52915303025639304  0.53462805559949078  0.54013072893253367
  0.54571373555848690  0.55136280719726860  0.55699223075940540  0.56260225418983967
  0.56835469577321063  0.57414014682070358  0.57996816623659353  0.58583613742889540
  0.59173662323872767  0.59772710235365301  0.60380079445735857  0.61000832751777745
  0.61619937774718936  0.62238204556573307  0.62864500242194199  0.63503744829266040
  0.64157696776287143  0.64827613899216063  0.65512413920049350  0.66208547441253662
  0.66918466675377775  0.67644345680475504  0.68384539592243143  0.69140229053878799
  0.69917041817678982  0.70713231095039986  0.71541388444833531  0.72398868630428026
  0.73292569769244886  0.74231863042194557  0.75214708644152739  0.76260507299755198
  0.77379400655496455  0.78595394012397002  0.79936442412973607  0.81443639320862116
  0.83177506886801311  0.85405070977998121  0.89069081634841873  1.00000000000000000
   2.3718712146875045E-003  -1.0000000000000000     
 F F F F F F F F F F F F F F F F F F F F F F F F F F F F F F F F
  <DiscreteSampler_grid>
  grouped_processes
  1 # 1 for a reference and 2 for a running grid.
  10 # Attribute 'min_bin_probing_points' of the grid.
  1 # Attribute 'grid_mode' of the grid. 1=='default',2=='initialization'
  0.0000000000000000 # Attribute 'small_contrib_threshold' of the grid.
  0.5000000000000000 # Attribute 'damping_power' of the grid.
 # binID   n_entries weight   weight_sqr   abs_weight
    10   10   3.289384967445550E+008   2.102227248803100E+017   3.289384967445550E+008
    16   10   3.289384967445551E+008   2.102227248803100E+017   3.289384967445551E+008
  </DiscreteSampler_grid>
