  0.00000144391024421  0.00000613897910775  0.00001248103738211  0.00001830895089732
  0.00002361701364399  0.00002860756142818  0.00003346255116465  0.00003830197640112
  0.00004314024766711  0.00004810508463222  0.00005316766865830  0.00005828823813177
  0.00006345932058462  0.00006859916710222  0.00007381605336021  0.00007910875896808
  0.00008448146479427  0.00008994036012027  0.00009548605968754  0.00010119105986691
  0.00010703818007263  0.00011301511613355  0.00011909039384133  0.00012525674679770
  0.00013154330498241  0.00013797630642639  0.00014450199184990  0.00015107931420049
  0.00015772360732341  0.00016446634263954  0.00017133589815388  0.00017840006810045
  0.00018565264155740  0.00019312146956367  0.00020093318539200  0.00020903088646898
  0.00021734363169112  0.00022601850592698  0.00023507928728800  0.00024432296710648
  0.00025407379086457  0.00026380282382889  0.00027412816837140  0.00028459619443434
  0.00029541444680697  0.00030679103920328  0.00031841592295244  0.00033105451493014
  0.00034420464652286  0.00035798715580810  0.00037233566652686  0.00038728669621226
  0.00040306452532481  0.00041968400527096  0.00043704562931061  0.00045510151647712
  0.00047394966488850  0.00049397012131004  0.00051535405640179  0.00053793215594750
  0.00056228113870642  0.00058835710374303  0.00061603623472077  0.00064549719800586
  0.00067657626333721  0.00070980812418458  0.00074452897629241  0.00078158480432340
  0.00082201287298524  0.00086609743475774  0.00091341400307298  0.00096449298324206
  0.00102134083171992  0.00108304017383726  0.00115030642939254  0.00122550620673342
  0.00131015650102680  0.00140239677460497  0.00150719798975486  0.00162683860133864
  0.00176064964843085  0.00191472248124096  0.00209037218395024  0.00229629973417999
  0.00254536149919631  0.00284960083997628  0.00321488340037722  0.00364860082384164
  0.00417201332591657  0.00486681876202745  0.00577897285525031  0.00709807926599072
  0.00951251639244495  0.01368440216348953  0.21109827750521118  1.00000000000000000
 -0.00252726116924506  0.00961804399536243  0.01949167421099545  0.03013329519284422
  0.04041851965760554  0.05082374388364615  0.06108666872923943  0.07156480147489844
  0.08223618310077677  0.09282016298431092  0.10336226683102903  0.11387598854083925
  0.12432122289230042  0.13450317327783151  0.14450811588611334  0.15503765670545575
  0.16557334628273299  0.17655497127185243  0.18697446870887621  0.19774414584867350
  0.20853630759795480  0.21938720206379328  0.23024426660988392  0.24077342868955498
  0.25127858185584789  0.26166100929253444  0.27227179502040089  0.28288951897264392
  0.29359764015565903  0.30389002686746980  0.31411867648504754  0.32449676377420933
  0.33484427535133937  0.34516726328285852  0.35546218300110449  0.36618029314289502
  0.37694459226714222  0.38747957754786028  0.39793313691046239  0.40843179650554057
  0.41898258081637241  0.42947000526153434  0.43996322157162032  0.45003747908466368
  0.46001355949480072  0.47012288820728793  0.48028255388549640  0.49073922012928689
  0.50092016958199481  0.51113141473887191  0.52147438107096833  0.53182106279395780
  0.54196215098894174  0.55188199143631034  0.56197338686601295  0.57258913988788629
  0.58340603121363133  0.59432921255409510  0.60511105222080730  0.61590338109154663
  0.62681143515304349  0.63780794522446171  0.64872343634774310  0.65949671986271385
  0.67026409283379673  0.68103813340208652  0.69190720288141994  0.70286347972153151
  0.71395041788976421  0.72467907880017191  0.73524278996447112  0.74574278234220193
  0.75644687634229801  0.76685649876913575  0.77710901311229874  0.78728049473963102
  0.79787823833081684  0.80846442916910266  0.81896618154256073  0.82942492314008343
  0.84009448819554677  0.85098291339660070  0.86156777332589540  0.87210244368326306
  0.88281402934007125  0.89364506998447990  0.90436003261436826  0.91497849950832533
  0.92572645406120502  0.93646215514552567  0.94710333050461681  0.95772850403724918
  0.96842415879130694  0.97890379238802994  0.98945942343768956  1.00000000000000000
 -0.00383403694890774  0.02449470494729171  0.04482711427313189  0.06213224048771242
  0.07757725816989051  0.09204949544345847  0.10573016074709166  0.11859627958135284
  0.13108512809329062  0.14347080371387669  0.15547690256547214  0.16717890473009406
  0.17859161365295456  0.18958031877608075  0.19992609238810408  0.21004777838280883
  0.21966205216179749  0.22915555311608402  0.23851959383603530  0.24789106547244524
  0.25699361374106755  0.26600066172644221  0.27481182020942074  0.28356166133694605
  0.29221622656385066  0.30066401516787078  0.30914673141899268  0.31770687989654434
  0.32634672546957183  0.33498441207356511  0.34355824426559356  0.35203224970294889
  0.36042464806699637  0.36871343411982055  0.37690797361079548  0.38507840435234519
  0.39325212610768617  0.40130415628005589  0.40926425455573145  0.41731573332598976
  0.42538121089495445  0.43342904492987760  0.44144924373910710  0.44944189901656489
  0.45755292455752800  0.46570855975131970  0.47382581021268050  0.48180260919705353
  0.48963517206609086  0.49735996240908381  0.50494522186949142  0.51250304310696038
  0.52023635860558781  0.52814490190544616  0.53601383859414997  0.54383420588776488
  0.55168028855963591  0.55954192281032578  0.56754283402617822  0.57559908438597951
  0.58367698556511260  0.59176219732319102  0.59982975091594681  0.60785927482563673
  0.61582359994035007  0.62381201208126202  0.63199186585618217  0.64023927346552834
  0.64863662340595496  0.65712882974554265  0.66566550067063901  0.67428424799905318
  0.68290607151530391  0.69156153140852417  0.70024600670018045  0.70896909274982967
  0.71784922060069556  0.72697259802060832  0.73637109224667785  0.74600739949659811
  0.75569391056053759  0.76550141052039722  0.77554742723932002  0.78597743558471300
  0.79678539082181865  0.80795815045011499  0.81939632893828551  0.83119405505020461
  0.84368162916503042  0.85699238338937567  0.87082262040725811  0.88621656187004250
  0.90366033803046319  0.92451105310338155  0.95170872614615432  1.00000000000000000
 -0.01910366062612939  0.10845326185547562  0.14435568884131283  0.16602674124175468
  0.18321630489127480  0.19799015634714320  0.21121008566124808  0.22336681648672652
  0.23456059396887805  0.24501261369175920  0.25479094110717415  0.26420355701068943
  0.27321699560863827  0.28184746706095859  0.29022042836515743  0.29831149467326945
  0.30618819814435827  0.31389505943051732  0.32129352221421598  0.32860166538224284
  0.33570480220062643  0.34253729552071882  0.34932479787777260  0.35600253077757810
  0.36259878517992972  0.36911843562864222  0.37553239922602555  0.38183250130736174
  0.38807321385218213  0.39427123240815798  0.40036202485586136  0.40637901691468947
  0.41239617382908411  0.41834386114625910  0.42416309451670686  0.42986428043467828
  0.43551543240144952  0.44112258673997418  0.44671049845336869  0.45231414856339131
  0.45794503283708676  0.46358032645592290  0.46918518028930517  0.47474420636595455
  0.48027848427634406  0.48583152598959384  0.49141904437158329  0.49700979869902245
  0.50257060748547455  0.50819875000786718  0.51380381695140787  0.51938772339300288
  0.52494328034380633  0.53048057379469504  0.53604177307189760  0.54169141218144368
  0.54743230011482069  0.55319644394283440  0.55894619813632462  0.56465350681126214
  0.57042019190348903  0.57620886452984843  0.58202650320768246  0.58789913060878540
  0.59376208492346749  0.59969358797192840  0.60573421193366461  0.61190431658223732
  0.61816989199055461  0.62449184122789814  0.63091920267504431  0.63744415169701496
  0.64400813991106753  0.65066564312704411  0.65730126777500908  0.66399938414385551
  0.67089599532761413  0.67798992636127364  0.68527967778462162  0.69279919785487309
  0.70059145450995031  0.70859456694522105  0.71700554471974964  0.72567044398858027
  0.73457971986104498  0.74390504995226758  0.75375753762560704  0.76455482368818628
  0.77577377582220630  0.78777290422040658  0.80091596289761213  0.81584567278437892
  0.83312143058034938  0.85494163748552932  0.89048818742574309  1.00000000000000000
   2.3579718229795117E-003  -1.0000000000000000     
 F F F F F F F F F F F F F F F F F F F F F F F F F F F F F F F F
  <DiscreteSampler_grid>
  grouped_processes
  1 # 1 for a reference and 2 for a running grid.
  10 # Attribute 'min_bin_probing_points' of the grid.
  1 # Attribute 'grid_mode' of the grid. 1=='default',2=='initialization'
  0.0000000000000000 # Attribute 'small_contrib_threshold' of the grid.
  0.5000000000000000 # Attribute 'damping_power' of the grid.
 # binID   n_entries weight   weight_sqr   abs_weight
    10   10   1.048824464116221E+008   2.103219314152791E+016   1.048824464116221E+008
    16   10   1.048824464116221E+008   2.103219314152792E+016   1.048824464116221E+008
  </DiscreteSampler_grid>
