  0.00000444650467024  0.00000934179007045  0.00001431384846244  0.00001912921543483
  0.00002370545807049  0.00002804007044282  0.00003242530500570  0.00003724120762218
  0.00004195742191802  0.00004664455612025  0.00005136512407521  0.00005613526242619
  0.00006096440415364  0.00006587289449450  0.00007098901238004  0.00007620688065459
  0.00008149927949298  0.00008689429761673  0.00009241459251202  0.00009805603372459
  0.00010378736692963  0.00010958608231286  0.00011547139785143  0.00012150975057585
  0.00012771868572524  0.00013406901839768  0.00014052020046064  0.00014707469567526
  0.00015376149654404  0.00016057753981848  0.00016750270365363  0.00017455974684916
  0.00018175289135098  0.00018901398468005  0.00019645290641668  0.00020425860251803
  0.00021227353865539  0.00022059629975564  0.00022925601694295  0.00023805840098875
  0.00024724290034055  0.00025667840501931  0.00026648780647167  0.00027680343468379
  0.00028743680567190  0.00029849783896574  0.00031003720548682  0.00032197236779696
  0.00033473331909101  0.00034786005214590  0.00036159528551900  0.00037591665114285
  0.00039089194564057  0.00040677191327505  0.00042377921370597  0.00044126300083718
  0.00046014407451339  0.00047934707927714  0.00050010347049102  0.00052191002024346
  0.00054481043801754  0.00056930910499629  0.00059484452864005  0.00062322015137155
  0.00065275302354856  0.00068582063440079  0.00072076357532815  0.00075888009227620
  0.00080036726111601  0.00084477295171988  0.00089289481524210  0.00094379351989032
  0.00099913078576763  0.00106306407068541  0.00113351585249679  0.00121307599957484
  0.00129852684821867  0.00139083822122571  0.00149320131739695  0.00160578460256594
  0.00173223113561748  0.00187622424171503  0.00204110170848273  0.00223716861610144
  0.00246954722507502  0.00274279412793463  0.00306426103934625  0.00346798676508259
  0.00396067314645517  0.00458326254382525  0.00544819472543540  0.00660649365934963
  0.00844366992062237  0.01312929911809236  0.10945513052433124  1.00000000000000000
 -0.00238835613305412  0.00933139446636092  0.01897599666604927  0.02901766704842374
  0.03911123671414766  0.04930381826834267  0.05967282307672753  0.07018620763481752
  0.08082514899086264  0.09137275094126733  0.10177282202831772  0.11210238823022174
  0.12249041374479352  0.13293303279116914  0.14334608594377363  0.15384457333125501
  0.16427927872301765  0.17482262241333288  0.18529628489248237  0.19577067752086566
  0.20621832139440735  0.21652192996575531  0.22696664162757693  0.23766425314948048
  0.24829155155972690  0.25895207808354176  0.26959418174597682  0.28038373453031523
  0.29124864139808104  0.30204039406741529  0.31264888046156070  0.32327884444018751
  0.33380090249560201  0.34455118782893213  0.35508571664546762  0.36558813418459429
  0.37599566305195786  0.38641225378333272  0.39672040200523162  0.40687166080440162
  0.41698823739500818  0.42734304018606278  0.43774466747661533  0.44812760181249889
  0.45842562999544062  0.46894651865862913  0.47942789387786000  0.49001325216145436
  0.50047969799291359  0.51149787644599576  0.52241466872738940  0.53334256735600039
  0.54419231029616733  0.55488725297172348  0.56556691720016516  0.57601921471437667
  0.58648604694192674  0.59684457593795359  0.60721736090437051  0.61760545858949201
  0.62817061591586854  0.63895283899437227  0.64972001839681914  0.66001752809686476
  0.67016496345497789  0.68061948500673086  0.69124575412006828  0.70226412693795426
  0.71304267563031998  0.72379413186187658  0.73445230560510499  0.74509069859731603
  0.75569261077226801  0.76620817695975596  0.77681463627088321  0.78775611969424553
  0.79866360448816931  0.80942101124215304  0.81981431183314213  0.83021549621574697
  0.84100757854727204  0.85212170317774993  0.86288368951288696  0.87353323887891965
  0.88409438429992637  0.89481379258768690  0.90540094021330297  0.91590212260303083
  0.92646291898287236  0.93690521864539156  0.94713757219779515  0.95735700415135738
  0.96775939394539778  0.97849726042091645  0.98921886746465415  1.00000000000000000
 -0.00384277555443584  0.02426884788331844  0.04503741214476632  0.06239591813895613
  0.07798326440782553  0.09231375657489489  0.10601747349570328  0.11931103800516039
  0.13189756505498759  0.14385197866144508  0.15538433940132809  0.16655591202796091
  0.17726134313818326  0.18754270458987451  0.19755593648734635  0.20753749919336012
  0.21750276487663495  0.22734450041799106  0.23694690950599256  0.24639104779980114
  0.25575055315128359  0.26503520550305487  0.27420284293124314  0.28324834592912451
  0.29223131613404058  0.30093964829593400  0.30959149824379700  0.31806403052482840
  0.32653895691038443  0.33503108893834871  0.34348239145452703  0.35188379662690089
  0.36023264100681940  0.36852439563841627  0.37675928513657508  0.38496129842742682
  0.39314332384883893  0.40124427573616889  0.40922451624724548  0.41721416533800831
  0.42502160901939984  0.43295471361761328  0.44082421711389730  0.44875596180504762
  0.45661691070045130  0.46445752668371298  0.47232766951506444  0.48014175331561176
  0.48804769160702277  0.49595860555723092  0.50385653301555811  0.51176840627569264
  0.51969826880410108  0.52759081201110702  0.53532606529022719  0.54302985089239442
  0.55086274459852169  0.55881234632645660  0.56679363470242727  0.57471719903925378
  0.58261145593741770  0.59042764869516540  0.59827717839028216  0.60620437685132267
  0.61410052006734295  0.62201761477609663  0.63003717855661501  0.63827247290889422
  0.64661340497046571  0.65505587086729400  0.66340279434887894  0.67181183765219632
  0.68027390316804515  0.68882787786792388  0.69754524552583819  0.70636748919978354
  0.71549703677291976  0.72471776207051142  0.73402457635397322  0.74333033822788763
  0.75294135020828501  0.76278547413516851  0.77289747870889136  0.78308202556355255
  0.79371830933763787  0.80482335261486149  0.81626680463053891  0.82781631369294606
  0.84033083479034920  0.85365848084748042  0.86833448565965543  0.88405750697310193
  0.90155509671519130  0.92199027869051120  0.95094085890071101  1.00000000000000000
 -0.01864507147026754  0.11001360626670945  0.14622422755057329  0.16812454996363635
  0.18510723760347475  0.19978822141624247  0.21294475391406736  0.22503279023825129
  0.23631348437893149  0.24693375731061890  0.25678228422241889  0.26603874380497761
  0.27486766415251174  0.28342557306278804  0.29176490381309084  0.29981444384565459
  0.30760160854681945  0.31519108057483530  0.32262171207352880  0.32992166991334076
  0.33704254813553619  0.34400818667520855  0.35087547004992564  0.35755895884760336
  0.36409806880208584  0.37057599028823573  0.37696941644939536  0.38325721730303436
  0.38944084091503584  0.39556889211806068  0.40157355712673765  0.40755878769501230
  0.41356042560602302  0.41939880098465998  0.42512155567433851  0.43082473947141559
  0.43652022643394600  0.44219137498024458  0.44782950885565243  0.45344523019441668
  0.45900117350490532  0.46448863824446945  0.46995502686575152  0.47540473004821765
  0.48088290234904063  0.48638764432623122  0.49193491879101470  0.49751492521535334
  0.50305644384173276  0.50855827413976251  0.51402319379471628  0.51948673726276484
  0.52496623554942745  0.53048841669027169  0.53602114773037690  0.54156593495829231
  0.54711677733828257  0.55265015874198897  0.55821362748027537  0.56385651742007137
  0.56965680165405153  0.57554398624988479  0.58142310744345760  0.58735343018475250
  0.59332768504720479  0.59940895169542674  0.60556548172844704  0.61173851742534868
  0.61791288981037740  0.62414094127140163  0.63046792892717274  0.63687460644983862
  0.64334609261526654  0.64991924680711388  0.65661996605451645  0.66346438184498224
  0.67051690708049960  0.67784807976429162  0.68527755388529865  0.69283731348060451
  0.70052793105401912  0.70842192081380007  0.71664169848958559  0.72515769179552469
  0.73408281111363516  0.74346041344533709  0.75334640488077864  0.76383617707748186
  0.77501847316064321  0.78710858168891851  0.80035352561435957  0.81521440624835428
  0.83251960670688385  0.85483394579007510  0.89112534938085097  1.00000000000000000
   2.3490272411134027E-003  -1.0000000000000000     
 F F F F F F F F F F F F F F F F F F F F F F F F F F F F F F F F
  <DiscreteSampler_grid>
  grouped_processes
  1 # 1 for a reference and 2 for a running grid.
  10 # Attribute 'min_bin_probing_points' of the grid.
  1 # Attribute 'grid_mode' of the grid. 1=='default',2=='initialization'
  0.0000000000000000 # Attribute 'small_contrib_threshold' of the grid.
  0.5000000000000000 # Attribute 'damping_power' of the grid.
 # binID   n_entries weight   weight_sqr   abs_weight
    10   10   1.427734857023894E+008   2.680584682051470E+016   1.427734857023894E+008
    16   10   1.427734857023894E+008   2.680584682051470E+016   1.427734857023894E+008
  </DiscreteSampler_grid>
