  0.00000393620099011  0.00000977460726735  0.00001472651287268  0.00001939791382275
  0.00002387210851345  0.00002819110876810  0.00003254945231525  0.00003720610010341
  0.00004189772494420  0.00004651681915532  0.00005122930135038  0.00005601538964153
  0.00006088490713836  0.00006587512588498  0.00007103040053522  0.00007627154488326
  0.00008156506173747  0.00008696556414787  0.00009247882751153  0.00009810056144917
  0.00010383858431510  0.00010967936247849  0.00011565816827001  0.00012176081384042
  0.00012801461436944  0.00013440199158268  0.00014084581247018  0.00014732685154434
  0.00015391275421730  0.00016063345611202  0.00016750320895219  0.00017450105378123
  0.00018170294500232  0.00018904498984408  0.00019671340996166  0.00020467392836632
  0.00021290347416059  0.00022134166643497  0.00023005861020768  0.00023897704898675
  0.00024825473475811  0.00025790511198880  0.00026792955628889  0.00027840578709682
  0.00028926512994553  0.00030068994969831  0.00031280255382405  0.00032511695507635
  0.00033875222363194  0.00035235603546391  0.00036687457487755  0.00038201077621372
  0.00039763606794066  0.00041421962013762  0.00043088464138040  0.00044888550257459
  0.00046725193753681  0.00048693647293705  0.00050775032402452  0.00052969667216419
  0.00055301701805280  0.00057761365246219  0.00060400807430802  0.00063226836802317
  0.00066274729180374  0.00069517897613919  0.00073013434133793  0.00076761596065990
  0.00080870622065302  0.00085287038120732  0.00090109097898089  0.00095374178378849
  0.00100966731921433  0.00107011978377385  0.00113544602572087  0.00120686666319531
  0.00128694617986760  0.00137479222819690  0.00147838133053156  0.00159560519707593
  0.00172753766714853  0.00187532796694271  0.00204002076300169  0.00223171408515891
  0.00247027182561291  0.00276928327173060  0.00314231810541275  0.00360796230772571
  0.00421479486097192  0.00498155849354933  0.00607186499335295  0.00768025656708219
  0.01022850710532001  0.01575767803062800  0.09185432400948614  1.00000000000000000
 -0.00232647402719835  0.00955741977462191  0.01984077442470363  0.03034460378335841
  0.04099709355469824  0.05152889078225573  0.06205468919906980  0.07254317144908737
  0.08301739427861202  0.09324102009875504  0.10352474068826178  0.11388464125651043
  0.12428525555378356  0.13469940662217286  0.14501167406954135  0.15560651235662573
  0.16619554526226893  0.17689173052248661  0.18743844582587743  0.19813746928396428
  0.20883426467543220  0.21957348264695745  0.23030471913862990  0.24088670411447619
  0.25147817680162249  0.26185740199203050  0.27229854787916369  0.28304407912199270
  0.29395642685733769  0.30483900558222060  0.31544369741708006  0.32588918155253971
  0.33634978955538281  0.34691999708833016  0.35751025754258142  0.36803847736651318
  0.37860183428944433  0.38935812037901940  0.40005586896021827  0.41063176773454263
  0.42107797348637588  0.43146296161258590  0.44171182926301067  0.45191954575201837
  0.46227218048178398  0.47289916374796603  0.48366763344599151  0.49437416861761418
  0.50487529713883461  0.51515450637496607  0.52539173884422408  0.53566640767501750
  0.54583359720033775  0.55605941438525097  0.56625048106105191  0.57657213301473142
  0.58674595229529058  0.59705975367175235  0.60731742555309798  0.61768015561838063
  0.62784391460313849  0.63819654859592800  0.64848041585603022  0.65884858556874049
  0.66938404331193158  0.68012399706564353  0.69061482419860432  0.70086442408010208
  0.71120907655191690  0.72178535666297139  0.73239620763459579  0.74300733862452129
  0.75359364968073717  0.76412631766602512  0.77449675042363608  0.78492222124511923
  0.79535557118938760  0.80584986275077741  0.81632494393926858  0.82694694642917044
  0.83759441823061864  0.84829080336758045  0.85897090623643302  0.86963206985647379
  0.88037422511676822  0.89136615721539503  0.90238518396458323  0.91347515638886345
  0.92450728624647627  0.93549290607239910  0.94625678042763783  0.95696830699318836
  0.96744991411734105  0.97810051125631037  0.98899635557160748  1.00000000000000000
 -0.00397997651926603  0.02462670920915263  0.04532850517458190  0.06254854539345039
  0.07793009636053227  0.09195708012759482  0.10532984281155584  0.11828325363392880
  0.13100730228251167  0.14326718313886277  0.15503955124131541  0.16632134008772848
  0.17727552891984610  0.18796393571633643  0.19836759458671926  0.20850564876820787
  0.21839609346357286  0.22808974651800715  0.23759843633544331  0.24705536311056853
  0.25650487110008124  0.26588312853852464  0.27515681656043750  0.28431450962154625
  0.29331292225149946  0.30214640559872963  0.31093395889448444  0.31952080010763317
  0.32803323147175778  0.33653838418731524  0.34499994290862440  0.35351289710560668
  0.36215359858666452  0.37084445350112860  0.37943674432570823  0.38786495771565876
  0.39617503259161724  0.40430592659281167  0.41241294789184579  0.42037744817518802
  0.42809652589499292  0.43573650873147241  0.44341492413456357  0.45123426299660474
  0.45923666467631996  0.46724302010829571  0.47507753768165401  0.48273538521803983
  0.49029936045305100  0.49786372154959863  0.50550524467042701  0.51321049141573660
  0.52096769895147776  0.52875217280043796  0.53653924492125926  0.54437003484522639
  0.55227445684803145  0.56025337932917529  0.56825390798395792  0.57635898152552911
  0.58441101232967974  0.59248063369878856  0.60064293569785798  0.60871517452054780
  0.61684773441743090  0.62498029611437822  0.63310008621634650  0.64115319453338881
  0.64918742976655086  0.65723858470135366  0.66545967022996388  0.67395982511155683
  0.68256208157764475  0.69111424695221613  0.69974934322306193  0.70855291764146522
  0.71752559222367307  0.72665048310719549  0.73605526123886100  0.74571643616668037
  0.75560615694838784  0.76574350929006152  0.77597916965125202  0.78629959212051059
  0.79676107258211049  0.80746877412989659  0.81861929298711278  0.83011962498583802
  0.84243495275210478  0.85555899873320884  0.86989892245606415  0.88605565959741339
  0.90390000380083002  0.92435206957168981  0.95161111351064709  1.00000000000000000
 -0.01873937126164808  0.10863369245700084  0.14429713146860221  0.16672246560949050
  0.18446940280559485  0.19963231711023022  0.21317187647686819  0.22552953058852965
  0.23679177333346293  0.24722870417658935  0.25704933120054480  0.26650286347951330
  0.27551238800539440  0.28418730416959725  0.29250340338036507  0.30058379283731435
  0.30849535490990537  0.31619618747151745  0.32360794978209151  0.33079373837132925
  0.33774501792899175  0.34455091494774631  0.35131883317211737  0.35791546267307461
  0.36435153514710006  0.37068495561580239  0.37687807026313996  0.38297520002465851
  0.38905209894374299  0.39510088648581038  0.40105872968653705  0.40692254692549323
  0.41274920161056156  0.41857984634813239  0.42436379285239817  0.43011371049165781
  0.43579533402761084  0.44139633110912607  0.44694418998147001  0.45247006323401362
  0.45799994546548239  0.46351046982722788  0.46901248556052488  0.47455761637093119
  0.48012801751637152  0.48570200137187985  0.49126686663687574  0.49675831909814921
  0.50230666669982460  0.50785252141712944  0.51343061619228947  0.51901353329520739
  0.52459795555236066  0.53017561589909568  0.53575758279009922  0.54135333156323040
  0.54697472396764313  0.55264457416200985  0.55836403745005825  0.56413792684658293
  0.56998561845772844  0.57581539579432284  0.58162896631281213  0.58748548749002394
  0.59336874542032347  0.59928766900812902  0.60528921194029628  0.61137041796743585
  0.61751507395312777  0.62373901650700792  0.63003291328046973  0.63637744228606674
  0.64278648980172670  0.64933168881377190  0.65610799101843120  0.66296030519678184
  0.67002277945612165  0.67729068976028395  0.68462057158740885  0.69212322578740226
  0.69991857112634881  0.70790510265005646  0.71631388407531249  0.72495449270867707
  0.73398682727385200  0.74331710329201572  0.75308601251863150  0.76344877513645260
  0.77453431573833464  0.78647863164859266  0.79975789545359843  0.81491136229595662
  0.83264101804576762  0.85470486466972451  0.89008652292509327  1.00000000000000000
   2.3647444665458820E-003  -1.0000000000000000     
 F F F F F F F F F F F F F F F F F F F F F F F F F F F F F F F F
  <DiscreteSampler_grid>
  grouped_processes
  1 # 1 for a reference and 2 for a running grid.
  10 # Attribute 'min_bin_probing_points' of the grid.
  1 # Attribute 'grid_mode' of the grid. 1=='default',2=='initialization'
  0.0000000000000000 # Attribute 'small_contrib_threshold' of the grid.
  0.5000000000000000 # Attribute 'damping_power' of the grid.
 # binID   n_entries weight   weight_sqr   abs_weight
    10   10   2.287858533570426E+008   1.099937108848374E+017   2.287858533570426E+008
    16   10   2.287858533570426E+008   1.099937108848374E+017   2.287858533570426E+008
  </DiscreteSampler_grid>
