  0.00000214862358218  0.00000490348841739  0.00001075957820232  0.00001622329793394
  0.00002133481958762  0.00002622556289230  0.00003099577744837  0.00003568818590074
  0.00004027053473858  0.00004495580866294  0.00004971210026567  0.00005452386559593
  0.00005941237943930  0.00006441954484845  0.00006949968544617  0.00007465471822188
  0.00007990570506640  0.00008523772658748  0.00009067242684081  0.00009627135630294
  0.00010207379722253  0.00010795031871902  0.00011395068172808  0.00012004653922002
  0.00012630866523890  0.00013272409270413  0.00013927210692520  0.00014592056654987
  0.00015265478134302  0.00015943674676153  0.00016615638820387  0.00017297003264973
  0.00017994686180908  0.00018709610136663  0.00019443262296514  0.00020207924512091
  0.00021003378905186  0.00021808262959868  0.00022677618572430  0.00023561260911759
  0.00024485709613630  0.00025437324875316  0.00026414340273175  0.00027443412179753
  0.00028502500554434  0.00029604220931024  0.00030766463717035  0.00031956907969204
  0.00033204754378586  0.00034506657253136  0.00035858972328285  0.00037278026223310
  0.00038753430485277  0.00040317349712340  0.00041995107541338  0.00043752601867705
  0.00045593982558134  0.00047527822794581  0.00049570747544358  0.00051773145737113
  0.00054040623606689  0.00056468069280212  0.00058998695252374  0.00061803641017722
  0.00064777063573132  0.00067925469150996  0.00071290988061604  0.00074922829387279
  0.00078935746546893  0.00083285490968991  0.00087950593475399  0.00093094073205005
  0.00098463960874935  0.00104314396115081  0.00110661118844739  0.00117635452351350
  0.00125555388543116  0.00134073795684593  0.00143786015383679  0.00154557773780055
  0.00166834646714320  0.00180665517953199  0.00196315437511295  0.00214589060332053
  0.00236125518776781  0.00262089048539649  0.00292878173300742  0.00330829270473988
  0.00378524424724059  0.00437482934190277  0.00515370957680126  0.00635942717189135
  0.00814835632044787  0.01161842018616580  0.21136664774625594  1.00000000000000000
 -0.00237874739304519  0.00947858275101181  0.01940493315511187  0.02948029875131021
  0.03967016731948255  0.05030306416473755  0.06084810581967364  0.07157593088886316
  0.08229536741443030  0.09297857857127301  0.10370238178158597  0.11459700057879040
  0.12558537723614999  0.13637390284684142  0.14711739531022824  0.15769810165389619
  0.16823894921184748  0.17862872449754907  0.18911637572790346  0.19944129313584513
  0.20979806995154057  0.22026816498435101  0.23082654813789291  0.24110899028583227
  0.25151067750543943  0.26191001985125428  0.27254233441621939  0.28340867060726732
  0.29435414825549749  0.30514952664068373  0.31579346074540127  0.32658188787469167
  0.33736041525879623  0.34807145860774003  0.35872211608674365  0.36923613621458967
  0.37953452148393513  0.38976701875975461  0.40025551617509736  0.41112780968423268
  0.42188372899645388  0.43263055371973197  0.44320256434338995  0.45393887669467409
  0.46458084438171898  0.47514929110370707  0.48575237243082331  0.49639199237729309
  0.50670797619000785  0.51708819810915341  0.52766723246454139  0.53821152334379763
  0.54851614088337319  0.55869373675145551  0.56913287216437047  0.57953295206784972
  0.59006590742169451  0.60052029398187012  0.61109177786623958  0.62164101305814956
  0.63231810497392538  0.64319826782740608  0.65392913098632510  0.66465908566297760
  0.67483295070066773  0.68490133306874312  0.69505653471674211  0.70543633475730494
  0.71607473530452415  0.72662045719784241  0.73720850369735424  0.74787797460945393
  0.75857603481009617  0.76939361211334312  0.78033497465190882  0.79123447582480166
  0.80171595574866927  0.81211943666701547  0.82238824134057353  0.83289135754624266
  0.84303730660884446  0.85340701695896393  0.86355264649002339  0.87345163636928569
  0.88332402864347925  0.89324819068569072  0.90342000326828520  0.91392475103737070
  0.92452087077544987  0.93542569585307289  0.94624419133281290  0.95702680128192541
  0.96788038967093848  0.97856483652951964  0.98941772734078337  1.00000000000000000
 -0.00387077340487085  0.02480674776113921  0.04585659019894157  0.06349801993598474
  0.07921339361808151  0.09343279926003012  0.10679706967038109  0.11959310325484174
  0.13183861994660787  0.14357934793507096  0.15494106826250750  0.16595396282354291
  0.17661348765246651  0.18709389052855757  0.19750732968831836  0.20788054507916476
  0.21804760363319692  0.22794911475374846  0.23752397409883147  0.24694227060234009
  0.25615286972727597  0.26519459906341714  0.27402289198728497  0.28272868212625923
  0.29141848321084096  0.30028016110669065  0.30912378597454182  0.31779191312908456
  0.32632453466600764  0.33477945522418234  0.34330220011649798  0.35178170615346044
  0.36010493340936939  0.36832033423288241  0.37645524216101928  0.38449584165919443
  0.39246504027262169  0.40034095874151582  0.40803696168493647  0.41566641399234611
  0.42339312356539210  0.43120208114780612  0.43904836105298906  0.44698430533205391
  0.45487140475248505  0.46275807855121187  0.47058123818253877  0.47833533698943653
  0.48609487952938435  0.49393952803931024  0.50172600370597353  0.50946639111557790
  0.51722738912097466  0.52500907533369701  0.53277030960452998  0.54050331289228670
  0.54824699290783507  0.55604666757170329  0.56391838194878818  0.57186204889095826
  0.57980940086741339  0.58764372137859588  0.59543287292428326  0.60333138482816551
  0.61140983810151406  0.61960443347646377  0.62788768167185405  0.63617957748888798
  0.64440393682227826  0.65261281575558605  0.66083255737520119  0.66922817436957949
  0.67798895647980051  0.68674416243934844  0.69557735417366928  0.70429900398466294
  0.71333568122444768  0.72268592552373989  0.73233675615808347  0.74231991862590374
  0.75243964650010164  0.76265782261156201  0.77306572184216882  0.78366990993935137
  0.79449843918879315  0.80547983963081360  0.81699297652889202  0.82886004529576451
  0.84168505826130169  0.85523111866151769  0.87005577356150288  0.88582063011977674
  0.90324156680686418  0.92345759055189092  0.95084406813082589  1.00000000000000000
 -0.01814207169306822  0.10912434353133132  0.14498913585091674  0.16728842989432485
  0.18476193247974790  0.19972670140490117  0.21287863133558699  0.22482981284704320
  0.23590266108332358  0.24629662862322582  0.25616653750313001  0.26562887840347460
  0.27460337794589534  0.28316615448615795  0.29135310340194448  0.29923340186543695
  0.30698153989538579  0.31459352626385095  0.32190661521358160  0.32903471414009955
  0.33599725596696434  0.34282548865697438  0.34954259083040279  0.35615407752672151
  0.36266163009316910  0.36912545155402721  0.37550393626247996  0.38173501391645914
  0.38787609324337396  0.39395362154956071  0.39995669566170616  0.40587967302118566
  0.41172535935699839  0.41756216687406666  0.42338868250294054  0.42921397282722634
  0.43501749281135405  0.44079416256029558  0.44652761008845160  0.45223334837101176
  0.45795342263849553  0.46365988049247875  0.46933784578129645  0.47499203762444403
  0.48058150437509839  0.48613619757956655  0.49169436039360764  0.49730607630993279
  0.50291232622494919  0.50849488505084361  0.51408118362324484  0.51962033393925666
  0.52515061755256598  0.53067643851999313  0.53622581092660393  0.54182705455566427
  0.54749392426859911  0.55318977668454827  0.55882908032558798  0.56450300048781321
  0.57019873728937109  0.57598968180243404  0.58182801411938856  0.58768314772134256
  0.59357632704486463  0.59954528764341042  0.60560773348342289  0.61177821086244755
  0.61801227572360695  0.62429842041784389  0.63065632197328836  0.63707003858394307
  0.64352830100366465  0.65009968020963216  0.65683812625695170  0.66364495404173396
  0.67071303221127110  0.67796222131882788  0.68529820698221811  0.69296799085396887
  0.70087517826666257  0.70898956656092815  0.71738001786942007  0.72599183754588781
  0.73482892140659628  0.74392986129984118  0.75351335166504985  0.76366371980600345
  0.77454744832397482  0.78650713097612512  0.79985735436663175  0.81486191429333066
  0.83219978134880945  0.85424606291295357  0.88921466121861314  1.00000000000000000
   2.3704644905531455E-003  -1.0000000000000000     
 F F F F F F F F F F F F F F F F F F F F F F F F F F F F F F F F
  <DiscreteSampler_grid>
  grouped_processes
  1 # 1 for a reference and 2 for a running grid.
  10 # Attribute 'min_bin_probing_points' of the grid.
  1 # Attribute 'grid_mode' of the grid. 1=='default',2=='initialization'
  0.0000000000000000 # Attribute 'small_contrib_threshold' of the grid.
  0.5000000000000000 # Attribute 'damping_power' of the grid.
 # binID   n_entries weight   weight_sqr   abs_weight
    10   10   3.174402862323362E+008   2.364987827299043E+017   3.174402862323362E+008
    16   10   3.174402862323362E+008   2.364987827299044E+017   3.174402862323362E+008
  </DiscreteSampler_grid>
