 -0.00112633543862930  0.00351191310466517  0.00841800107698339  0.01309703079807739
  0.01791250518277212  0.02299749353162762  0.02819624368615099  0.03338177767919689
  0.03861516205608351  0.04406789676415931  0.04975396717873907  0.05559122309928370
  0.06150211459918559  0.06727523979196234  0.07301421927850221  0.07875670592011062
  0.08458793527700800  0.09062626953997804  0.09675219884046697  0.10282735993335550
  0.10914346233570742  0.11560594847623136  0.12233049372888438  0.12930431794475616
  0.13656782054927866  0.14391097405235168  0.15152139235538045  0.15932965031027155
  0.16718902697451030  0.17521174518825863  0.18359118754151124  0.19249616076989218
  0.20194292719586704  0.21165092094771581  0.22156623265421899  0.23192845038694798
  0.24230776444195054  0.25293978816300527  0.26390453329051528  0.27613791288767314
  0.28960421611891352  0.30446021872022078  0.32019887175362821  0.33732954740560983
  0.35657377315291788  0.37899902426157150  0.40962066461412444  0.45921035891341083
  0.55423085019133322  0.60043839390924336  0.62932535711682225  0.65152177592662008
  0.67064868652505760  0.68805346811221291  0.70432287302291507  0.71784669502805254
  0.73030118522674392  0.74161465208183763  0.75267608345901404  0.76323384864362775
  0.77342146570216530  0.78315029757135934  0.79245144103527254  0.80143897465943859
  0.81016636333300684  0.81876742103435396  0.82697673151447804  0.83480229675472606
  0.84224516666581806  0.84971971000552793  0.85730316541678697  0.86465476437653555
  0.87189673135308610  0.87881845274737003  0.88565056477414550  0.89244641772383748
  0.89901985368707749  0.90533004008988804  0.91146463982828307  0.91742905497090466
  0.92325504770815070  0.92904428829667063  0.93478601488555579  0.94039171950194689
  0.94585754873385308  0.95115863211658624  0.95641054562103611  0.96148441863943157
  0.96649200714280625  0.97141512073275871  0.97632835138138396  0.98124466685798228
  0.98610282119878079  0.99085710937997573  0.99551423083003066  1.00000000000000000
 -0.00189501154840034  0.00848244486056647  0.01805902243534108  0.02844612993559278
  0.03895989627466876  0.04982646877848886  0.06073476130834243  0.07166314608403630
  0.08252758061846450  0.09297925370380947  0.10350983749806457  0.11354456043489798
  0.12352042071985103  0.13401579421207091  0.14464614824977062  0.15533024160180101
  0.16548431490811613  0.17629393670618085  0.18705273788436205  0.19733685097399650
  0.20733998162216272  0.21761644180598916  0.22786888642671480  0.23789097124291142
  0.24791048737148277  0.25840599074018761  0.26899478467987614  0.27951296841513956
  0.29000960195703163  0.30046544568970757  0.31091243315895467  0.32132736709500775
  0.33179783111457839  0.34214007216531545  0.35311844724828406  0.36393302090347213
  0.37464591120874624  0.38457925934010073  0.39446799533208549  0.40436536510015408
  0.41435209511011206  0.42462122565704824  0.43498012922802426  0.44522574950548310
  0.45588948528155393  0.46696425450530604  0.47817586186637290  0.48905295990118752
  0.49969431213365784  0.51084593062036543  0.52169992941290444  0.53321136090182064
  0.54477397238057468  0.55682523484100410  0.56797302650761028  0.57911340388288324
  0.58942997142399256  0.59972208408725780  0.60962920488776062  0.61970893496222224
  0.63039378613836272  0.64108176694422270  0.65141532109523692  0.66170377519893719
  0.67217749708228569  0.68290310108996644  0.69355279496296252  0.70344284573907190
  0.71359331096298162  0.72381351189651644  0.73407356188250450  0.74426377636272434
  0.75460588848247168  0.76513572818621345  0.77563477421638338  0.78600674098915801
  0.79638291219795265  0.80675484362149952  0.81719195720857718  0.82765500870473219
  0.83817438291593260  0.84881912831895168  0.85956511848546369  0.87034077111206065
  0.88135733176216879  0.89274435937006191  0.90374812719450315  0.91426289555796814
  0.92457959783704169  0.93492470455284182  0.94526885310094100  0.95571340783566761
  0.96659973648830488  0.97770961985223770  0.98880097163001301  1.00000000000000000
 -0.00164915594509650  0.01353680046186569  0.02578737349560570  0.03635214355763989
  0.04599769538904099  0.05474056991114343  0.06322080633322623  0.07126008363670600
  0.07909110882476834  0.08670695784702263  0.09429511616844072  0.10167901682601972
  0.10884934740701573  0.11581255202168270  0.12267976201355225  0.12959775674373203
  0.13659046263477451  0.14367847582439594  0.15039689385499627  0.15717323431113239
  0.16364179585496319  0.17022566527130631  0.17685618427975128  0.18347179091625529
  0.19005788572611568  0.19656180054651207  0.20303856963289996  0.20951461764996646
  0.21595309784612443  0.22255569136113434  0.22915886236252192  0.23553773847356252
  0.24186104079428683  0.24807415459612203  0.25431818510335458  0.26068303989310987
  0.26671131093238137  0.27324365987611499  0.27993168437396698  0.28671763064527345
  0.29349258979273368  0.30009359030304461  0.30662070096306165  0.31325547888684313
  0.32002010868379427  0.32688891273081400  0.33382501000100628  0.34058930003185001
  0.34735378977880377  0.35431401596598855  0.36162435859598163  0.36892101852564430
  0.37629964916755820  0.38332051595436073  0.39046321260138728  0.39754224012613520
  0.40466192998592121  0.41185144524256384  0.41903983959827790  0.42633670201873852
  0.43363842369127409  0.44095831699772475  0.44837019805847994  0.45572938144476033
  0.46352075847214708  0.47158542053923047  0.48006918377292512  0.48838182850372680
  0.49676849366312253  0.50502275591663248  0.51364854241698732  0.52255229018524951
  0.53199762032890685  0.54145723595845474  0.55099777305766084  0.56051713376271683
  0.57020630713212905  0.58029888743153324  0.59078016816009915  0.60148168851802053
  0.61227547391882298  0.62340682539712977  0.63510464273596179  0.64716470723767805
  0.66001932388465545  0.67378611880260009  0.68889936447403177  0.70576759341422524
  0.72394116386936758  0.74318435603806876  0.76347449687359137  0.78569873895593467
  0.81036739348402287  0.84096747858826171  0.88976562871950926  1.00000000000000000
 -0.01653071075741525  0.10842929883965645  0.14289600892221643  0.16406563138240449
  0.18101598255031320  0.19568729263267090  0.20898801423656649  0.22135655671470356
  0.23313937022452733  0.24440945483222473  0.25441739255277074  0.26368960495996774
  0.27278900401673911  0.28165544969514889  0.29025273422883346  0.29844923685955810
  0.30627413682172844  0.31397134933517290  0.32143144699774545  0.32876184399867597
  0.33581267726385428  0.34257174742952978  0.34917642786447672  0.35576106468107010
  0.36234705839565812  0.36888934298680376  0.37537722647565225  0.38176365170046611
  0.38794931742226085  0.39398037574602729  0.40001250971757119  0.40610438816002131
  0.41233875442653911  0.41869829963328931  0.42493629124715726  0.43107766089935790
  0.43718448337216465  0.44328959458166339  0.44942434798914555  0.45550190465580837
  0.46131314363301540  0.46675651800347301  0.47216689308913207  0.47767553324210604
  0.48310820487200329  0.48850008450209914  0.49392970374825684  0.49936664831979150
  0.50503418382089027  0.51084450399279457  0.51665900184973290  0.52241285556210226
  0.52808272036203330  0.53367736345943373  0.53925691093435446  0.54495027923078543
  0.55077664577835705  0.55677208294289859  0.56274232001125346  0.56870464558184541
  0.57459589900242602  0.58045414508542492  0.58627461262295699  0.59210222466298679
  0.59806211304404688  0.60411710439067345  0.61019922587766273  0.61626990570065088
  0.62234453818934909  0.62854302749687196  0.63495669599892801  0.64153100305786570
  0.64823019737759235  0.65514294277554641  0.66202498414874156  0.66898132472021798
  0.67607796828913991  0.68305838268784391  0.69010593177443413  0.69720497580131624
  0.70449396449219925  0.71194016860045017  0.71986249879751529  0.72823829713324117
  0.73731158976084854  0.74681393237298366  0.75674927355533972  0.76716891219887895
  0.77812058363586623  0.78990557391661287  0.80273874730306549  0.81728814948246442
  0.83417646384708055  0.85592913580231533  0.89231879007232029  1.00000000000000000
   3.7977698196786994E-004  -1.0000000000000000     
 F F F F F F F F F F F F F F F F F F F F F F F F F F F F F F F F
  <DiscreteSampler_grid>
  grouped_processes
  1 # 1 for a reference and 2 for a running grid.
  10 # Attribute 'min_bin_probing_points' of the grid.
  1 # Attribute 'grid_mode' of the grid. 1=='default',2=='initialization'
  0.0000000000000000 # Attribute 'small_contrib_threshold' of the grid.
  0.5000000000000000 # Attribute 'damping_power' of the grid.
 # binID   n_entries weight   weight_sqr   abs_weight
    10   10   5.586968813155849E+006   4.625730963082834E+013   5.586968813155849E+006
  </DiscreteSampler_grid>
